time_us curve_2 curve_5 curve_7 curve_10 curve_20
0.0000000000e+00 9.3548944124e-01 9.3529066139e-01 9.3757307146e-01 9.3528949799e-01 9.3611802782e-01
3.0303030303e-01 3.9688028690e-01 6.2258878771e-01 6.9247645851e-01 7.4352862788e-01 8.3433645975e-01
6.0606060606e-01 2.3658151473e-01 4.5335603252e-01 5.3551132633e-01 6.1389885342e-01 7.4650828661e-01
9.0909090909e-01 1.6022452484e-01 3.4910554543e-01 4.3389158347e-01 5.1826813587e-01 6.8135529211e-01
1.2121212121e+00 1.1979164986e-01 2.7928494238e-01 3.6249267218e-01 4.5421821061e-01 6.1802705596e-01
1.5151515152e+00 9.0341774673e-02 2.3083354246e-01 3.1006322260e-01 3.9856082557e-01 5.6863213173e-01
1.8181818182e+00 7.3148425753e-02 1.9760287146e-01 2.6546994181e-01 3.5441945257e-01 5.2567396774e-01
2.1212121212e+00 5.9136225561e-02 1.6861230959e-01 2.3192318118e-01 3.1414453016e-01 4.8275846912e-01
2.4242424242e+00 4.9982253790e-02 1.4602831123e-01 2.0678695226e-01 2.8418830195e-01 4.5130378110e-01
2.7272727273e+00 4.3549370365e-02 1.2915294817e-01 1.8310107109e-01 2.6074244481e-01 4.2195189516e-01
3.0303030303e+00 3.7220216764e-02 1.1458423710e-01 1.6477276618e-01 2.3900382915e-01 3.9097225935e-01
3.3333333333e+00 3.2294472451e-02 1.0384265983e-01 1.4997723536e-01 2.1965104908e-01 3.6881556073e-01
3.6363636364e+00 2.8878493575e-02 9.4426981853e-02 1.3816660905e-01 2.0073828809e-01 3.4479636779e-01
3.9393939394e+00 2.5956711081e-02 8.6469261916e-02 1.2782533882e-01 1.8574840154e-01 3.2591135497e-01
4.2424242424e+00 2.2578016917e-02 8.0669268017e-02 1.1685197716e-01 1.7312479871e-01 3.0877936607e-01
4.5454545455e+00 2.0740066985e-02 7.3358367901e-02 1.0698010502e-01 1.5888870443e-01 2.9163877327e-01
4.8484848485e+00 1.8789077288e-02 6.6902290437e-02 9.8433709132e-02 1.4812060361e-01 2.7959720630e-01
5.1515151515e+00 1.8063114243e-02 6.1555615564e-02 9.0673143106e-02 1.3991800574e-01 2.6683278462e-01
5.4545454545e+00 1.6805151423e-02 5.6984079382e-02 8.5119844120e-02 1.3132837734e-01 2.5464344593e-01
5.7575757576e+00 1.5535595747e-02 5.3058089355e-02 8.0190454865e-02 1.2623883356e-01 2.4267168981e-01
6.0606060606e+00 1.4585383668e-02 5.0395214537e-02 7.4635753153e-02 1.1903508837e-01 2.3107208471e-01
6.3636363636e+00 1.3530314386e-02 4.7416988211e-02 7.0610481108e-02 1.1085915194e-01 2.2182387541e-01
6.6666666667e+00 1.2915213681e-02 4.4986940028e-02 6.7198172805e-02 1.0516380898e-01 2.1205570419e-01
6.9696969697e+00 1.2271203297e-02 4.2846089866e-02 6.3019698642e-02 9.9918713351e-02 2.0445635186e-01
7.2727272727e+00 1.1802519046e-02 4.0380286689e-02 6.0281488378e-02 9.5781838708e-02 1.9700381064e-01
7.5757575758e+00 1.0904368422e-02 3.7970018549e-02 5.7337395610e-02 9.0494618589e-02 1.8799840297e-01
7.8787878788e+00 1.0068932939e-02 3.6445087411e-02 5.4196508841e-02 8.7353844486e-02 1.8059221245e-01
8.1818181818e+00 9.5746775549e-03 3.5055799171e-02 5.2098708252e-02 8.2582913811e-02 1.7423933502e-01
8.4848484848e+00 8.9664947279e-03 3.3028078696e-02 4.9677517715e-02 7.9060534832e-02 1.6815409012e-01
8.7878787879e+00 9.0059942676e-03 3.1221035771e-02 4.7177909759e-02 7.5360120965e-02 1.6374430761e-01
9.0909090909e+00 8.5606507751e-03 2.9883243046e-02 4.4792762074e-02 7.1970331236e-02 1.5756802568e-01
9.3939393939e+00 8.1511076037e-03 2.9092363685e-02 4.2410116630e-02 6.9678251040e-02 1.5228165985e-01
9.6969696970e+00 7.5455699218e-03 2.8241267507e-02 4.1145046666e-02 6.6793300047e-02 1.4624292752e-01
1.0000000000e+01 7.1516311142e-03 2.6894236073e-02 3.9895339324e-02 6.4007833408e-02 1.4105708068e-01
1.0303030303e+01 7.0746027990e-03 2.5312634482e-02 3.8988567242e-02 6.1642275286e-02 1.3704602530e-01
1.0606060606e+01 6.7391586307e-03 2.4829855042e-02 3.7636907445e-02 5.8856935974e-02 1.3436040824e-01
1.0909090909e+01 6.3761321692e-03 2.3328546013e-02 3.6078831358e-02 5.7060466999e-02 1.3013621719e-01
1.1212121212e+01 6.1276728842e-03 2.2138852016e-02 3.4260535165e-02 5.5980601511e-02 1.2681578066e-01
1.1515151515e+01 5.9735511905e-03 2.1403768627e-02 3.3171930486e-02 5.3794609344e-02 1.2135492809e-01
1.1818181818e+01 6.1787263168e-03 2.0005480868e-02 3.1874760222e-02 5.2865399420e-02 1.1754890702e-01
1.2121212121e+01 5.8262843845e-03 1.9986491864e-02 3.0349237674e-02 5.2274187828e-02 1.1400312298e-01
1.2424242424e+01 5.6797810041e-03 1.8967227988e-02 2.9730420186e-02 5.0365471058e-02 1.1098096659e-01
1.2727272727e+01 5.4685875768e-03 1.8386131992e-02 2.8506700190e-02 4.8772665761e-02 1.0777713937e-01
1.3030303030e+01 5.2604650644e-03 1.7974646572e-02 2.7735088907e-02 4.6625547842e-02 1.0510766263e-01
1.3333333333e+01 4.7719862318e-03 1.7834068910e-02 2.6575848110e-02 4.5139677712e-02 1.0232983740e-01
1.3636363636e+01 4.7684784329e-03 1.7044207085e-02 2.5574777113e-02 4.4025224101e-02 9.9026902104e-02
1.3939393939e+01 4.7671904180e-03 1.6312517031e-02 2.4435333446e-02 4.2799489778e-02 9.6119420411e-02
1.4242424242e+01 4.6985196881e-03 1.5800637514e-02 2.3487192392e-02 4.1340510056e-02 9.4867823492e-02
1.4545454545e+01 4.4816236326e-03 1.5292250539e-02 2.3303260954e-02 4.0119983672e-02 9.3012460998e-02
1.4848484848e+01 4.3832939359e-03 1.4631993707e-02 2.2520510947e-02 3.9411492652e-02 9.1769221605e-02
1.5151515152e+01 4.1086618768e-03 1.4260572427e-02 2.2046138794e-02 3.8128492086e-02 8.8873266504e-02
1.5454545455e+01 3.9980760850e-03 1.3863013743e-02 2.1307241235e-02 3.7517965988e-02 8.6252989843e-02
1.5757575758e+01 3.7335715126e-03 1.3426242674e-02 2.0731090950e-02 3.6235477795e-02 8.4673684602e-02
1.6060606061e+01 3.6924095818e-03 1.3114912571e-02 2.0216535526e-02 3.5340776788e-02 8.2670267478e-02
1.6363636364e+01 3.6058520744e-03 1.2996991314e-02 1.9417697978e-02 3.4100342334e-02 8.1093287606e-02
1.6666666667e+01 3.4533627060e-03 1.2941392259e-02 1.9174594866e-02 3.3222670896e-02 7.9081610747e-02
1.6969696970e+01 3.5064202877e-03 1.2430939632e-02 1.8959249931e-02 3.2568461222e-02 7.7936560535e-02
1.7272727273e+01 3.6134846148e-03 1.1952044943e-02 1.8647736248e-02 3.1915516864e-02 7.6620809327e-02
1.7575757576e+01 3.5602717893e-03 1.1383663921e-02 1.8351637680e-02 3.1522142810e-02 7.4619689844e-02
1.7878787879e+01 3.5247707261e-03 1.1152029913e-02 1.7722152000e-02 3.0962233739e-02 7.2541329268e-02
1.8181818182e+01 3.4053227114e-03 1.0740547262e-02 1.6844160064e-02 2.9751104139e-02 7.0497031400e-02
1.8484848485e+01 3.1856829239e-03 1.0553070336e-02 1.6489589129e-02 2.8938100787e-02 6.9736191233e-02
1.8787878788e+01 3.0311106928e-03 1.0614378366e-02 1.6006709847e-02 2.8235251349e-02 6.8791068639e-02
1.9090909091e+01 2.9885496447e-03 1.0299742045e-02 1.5952466644e-02 2.7638346890e-02 6.7862966399e-02
1.9393939394e+01 2.9415702306e-03 1.0055231662e-02 1.5363555420e-02 2.6982296178e-02 6.6041322004e-02
1.9696969697e+01 2.8068206127e-03 9.4500627303e-03 1.5017280911e-02 2.6474469919e-02 6.4515769682e-02
2.0000000000e+01 2.8747089551e-03 9.3463789205e-03 1.4942923260e-02 2.6089625205e-02 6.3808042529e-02
2.0303030303e+01 2.8604225388e-03 9.2001917429e-03 1.4608031092e-02 2.5684377873e-02 6.2447226259e-02
2.0606060606e+01 2.6622499752e-03 9.2604216088e-03 1.4528195549e-02 2.5438820954e-02 6.1362097947e-02
2.0909090909e+01 2.6393113648e-03 9.0025307890e-03 1.4295131904e-02 2.4805802764e-02 5.9867224651e-02
2.1212121212e+01 2.6549511806e-03 8.9755705486e-03 1.4204648897e-02 2.4608545132e-02 5.8817851605e-02
2.1515151515e+01 2.7640383553e-03 8.9772385875e-03 1.4050384106e-02 2.4406330681e-02 5.7940237204e-02
2.1818181818e+01 2.5519993892e-03 8.7866058501e-03 1.3610728353e-02 2.3641906060e-02 5.7160231712e-02
2.2121212121e+01 2.5318812597e-03 8.7692252890e-03 1.3201925659e-02 2.2959983800e-02 5.6123418957e-02
2.2424242424e+01 2.4630918603e-03 8.7235934802e-03 1.3035489308e-02 2.2436145512e-02 5.5452955221e-02
2.2727272727e+01 2.3918861658e-03 8.6983573010e-03 1.2689604238e-02 2.1999493290e-02 5.4084022033e-02
2.3030303030e+01 2.4350945461e-03 8.6065993736e-03 1.2351118165e-02 2.1484102693e-02 5.3597552681e-02
2.3333333333e+01 2.4268651306e-03 8.2230910981e-03 1.2218790256e-02 2.1042128380e-02 5.3118321467e-02
2.3636363636e+01 2.3785695008e-03 8.0454507344e-03 1.2067697775e-02 2.0634051837e-02 5.2087434827e-02
2.3939393939e+01 2.3462195589e-03 7.7649412129e-03 1.1649952492e-02 2.0389118859e-02 5.0857009232e-02
2.4242424242e+01 2.2308648488e-03 7.5556036040e-03 1.1432757665e-02 1.9972618295e-02 5.0292358157e-02
2.4545454545e+01 2.3204586920e-03 7.4615786189e-03 1.1061124380e-02 1.9872216224e-02 4.9705218251e-02
2.4848484848e+01 2.1705641609e-03 7.2794082060e-03 1.1112377238e-02 1.9540672399e-02 4.8484798345e-02
2.5151515152e+01 2.1330370256e-03 7.1747721041e-03 1.0933321223e-02 1.8944706043e-02 4.7831431498e-02
2.5454545455e+01 2.1754360079e-03 7.0574086509e-03 1.0793505519e-02 1.8558790363e-02 4.7867571939e-02
2.5757575758e+01 2.1093797963e-03 6.8255660162e-03 1.0587432202e-02 1.8148517288e-02 4.7231081200e-02
2.6060606061e+01 2.1206550482e-03 6.8471812749e-03 1.0697674312e-02 1.7739961932e-02 4.6557917301e-02
2.6363636364e+01 2.0335716306e-03 6.6928538963e-03 1.0638864926e-02 1.7523910979e-02 4.5548881037e-02
2.6666666667e+01 1.9659809527e-03 6.4638995001e-03 1.0696940723e-02 1.7510917274e-02 4.4637765937e-02
2.6969696970e+01 1.9145051269e-03 6.3122889046e-03 1.0345040424e-02 1.7034589125e-02 4.3853457714e-02
2.7272727273e+01 1.8888624740e-03 6.2554378174e-03 1.0038809328e-02 1.6862758673e-02 4.3051471571e-02
2.7575757576e+01 2.0128313422e-03 6.1623939006e-03 9.8332036626e-03 1.6608401909e-02 4.1733406392e-02
2.7878787879e+01 1.9622358875e-03 6.0331995630e-03 9.4554058286e-03 1.6279075066e-02 4.1218085521e-02
2.8181818182e+01 1.9892717850e-03 6.0764940695e-03 9.2390434736e-03 1.6145993509e-02 4.0433933448e-02
2.8484848485e+01 2.0868599968e-03 5.7775299392e-03 9.1078667438e-03 1.5930024735e-02 4.0375847110e-02
2.8787878788e+01 1.9859000683e-03 5.6083783486e-03 8.8376629124e-03 1.5485958895e-02 3.9806694489e-02
2.9090909091e+01 1.9436050091e-03 5.5769764019e-03 8.6490969819e-03 1.5387232902e-02 3.8937917159e-02
2.9393939394e+01 1.8454689919e-03 5.5495613292e-03 8.7491356524e-03 1.5019495756e-02 3.8266438684e-02
2.9696969697e+01 1.8839685222e-03 5.5549847685e-03 8.6905265600e-03 1.4784684183e-02 3.7968690352e-02
3.0000000000e+01 1.8171633685e-03 5.6006689457e-03 8.5829420348e-03 1.4281137676e-02 3.7564402758e-02
