time_us curve_0 curve_0_5 curve_1 curve_5
0.0000000000e+00 9.3566842083e-01 9.2321128052e-01 8.9316146860e-01 7.4633486088e-01
5.0251256281e-01 6.5939275933e-01 5.7878175814e-02 9.0687937533e-02 2.6548642318e-01
1.0050251256e+00 4.9292758262e-01 5.3554350436e-02 8.5151476111e-02 2.4739131181e-01
1.5075376884e+00 3.9520427180e-01 4.8097200641e-02 7.6763130569e-02 2.2613549463e-01
2.0100502513e+00 3.2241898493e-01 4.5283111236e-02 7.2930531240e-02 2.1800524794e-01
2.5125628141e+00 2.7239166160e-01 4.2505115308e-02 7.1898462817e-02 2.0890163602e-01
3.0150753769e+00 2.3706739063e-01 3.9887161634e-02 6.3962631101e-02 1.9894248695e-01
3.5175879397e+00 2.0631343278e-01 3.6825319259e-02 6.3678129996e-02 1.8384651389e-01
4.0201005025e+00 1.8319422664e-01 3.5667414743e-02 5.9227709609e-02 1.8371350529e-01
4.5226130653e+00 1.6199661481e-01 3.3802393702e-02 5.5315440678e-02 1.7007866816e-01
5.0251256281e+00 1.4394055102e-01 3.2376332477e-02 5.3402729700e-02 1.6387713663e-01
5.5276381910e+00 1.2814117258e-01 3.1217240291e-02 5.1268836782e-02 1.5344631167e-01
6.0301507538e+00 1.1636448451e-01 2.8882859661e-02 4.8617218410e-02 1.4727176139e-01
6.5326633166e+00 1.0799717560e-01 2.8295457069e-02 4.6773915607e-02 1.4532162965e-01
7.0351758794e+00 9.9133242727e-02 2.7169048719e-02 4.3666341072e-02 1.3703982155e-01
7.5376884422e+00 9.1260002720e-02 2.5957737805e-02 4.3126324289e-02 1.2927533296e-01
8.0402010050e+00 8.4342513726e-02 2.4363724739e-02 4.0790718057e-02 1.2251417055e-01
8.5427135678e+00 7.9055690723e-02 2.4071840840e-02 3.9349896501e-02 1.2163001735e-01
9.0452261307e+00 7.3444880051e-02 2.3117033073e-02 3.7220463660e-02 1.1848671958e-01
9.5477386935e+00 6.8483182645e-02 2.2276287963e-02 3.6650408779e-02 1.1433969401e-01
1.0050251256e+01 6.4297213396e-02 2.1361585537e-02 3.5585502686e-02 1.0966039392e-01
1.0552763819e+01 6.0347758011e-02 2.0869347468e-02 3.3792444335e-02 1.0460943891e-01
1.1055276382e+01 5.6749736184e-02 2.1185592210e-02 3.3088925640e-02 1.0248528459e-01
1.1557788945e+01 5.4033717193e-02 1.9909855153e-02 3.2802193645e-02 9.8734025877e-02
1.2060301508e+01 5.0512268222e-02 1.9353054806e-02 3.0825943325e-02 9.3564059527e-02
1.2562814070e+01 4.8516933254e-02 1.9168294409e-02 3.0737406631e-02 9.3809479951e-02
1.3065326633e+01 4.6370689027e-02 1.8185685995e-02 2.9145832324e-02 9.3084674651e-02
1.3567839196e+01 4.3923668334e-02 1.8334130982e-02 2.9300265160e-02 9.3571359467e-02
1.4070351759e+01 4.1849859935e-02 1.6989216646e-02 2.8762402903e-02 9.0949801660e-02
1.4572864322e+01 4.0798952943e-02 1.7236414230e-02 2.8899729875e-02 8.6421503532e-02
1.5075376884e+01 3.9162185993e-02 1.6287220829e-02 2.7295638385e-02 8.5476994244e-02
1.5577889447e+01 3.7672976678e-02 1.5471196126e-02 2.7242550865e-02 8.0000220025e-02
1.6080402010e+01 3.6468906978e-02 1.5614282876e-02 2.6586158713e-02 8.1143253754e-02
1.6582914573e+01 3.4895893694e-02 1.5263515798e-02 2.5257973828e-02 7.9526972977e-02
1.7085427136e+01 3.3462622579e-02 1.5182703995e-02 2.5702888358e-02 7.8403878903e-02
1.7587939698e+01 3.1727349125e-02 1.4915178386e-02 2.5249444752e-02 7.5692194424e-02
1.8090452261e+01 3.0458027390e-02 1.4508952634e-02 2.5110806456e-02 6.9519831766e-02
1.8592964824e+01 2.9396081134e-02 1.3467395987e-02 2.3734814251e-02 7.0980487437e-02
1.9095477387e+01 2.7802994246e-02 1.3538465150e-02 2.3751299984e-02 7.2180199910e-02
1.9597989950e+01 2.6595499669e-02 1.3474417839e-02 2.3536330576e-02 7.1843436592e-02
2.0100502513e+01 2.5286784743e-02 1.2743296244e-02 2.3085447471e-02 7.1403925535e-02
2.0603015075e+01 2.5004449730e-02 1.2708471798e-02 2.2606811740e-02 6.6372369597e-02
2.1105527638e+01 2.3638909916e-02 1.2593322230e-02 2.1959309935e-02 6.5567718395e-02
2.1608040201e+01 2.3667031123e-02 1.2263501430e-02 2.2587561366e-02 6.5160990188e-02
2.2110552764e+01 2.2735189271e-02 1.1683376227e-02 2.1319231935e-02 6.5016084192e-02
2.2613065327e+01 2.2013634580e-02 1.2224077221e-02 2.1292122900e-02 6.5579106621e-02
2.3115577889e+01 2.1555609998e-02 1.2078705214e-02 2.0632075146e-02 6.6038010193e-02
2.3618090452e+01 2.0850747916e-02 1.1535450047e-02 2.0612592319e-02 6.2219588841e-02
2.4120603015e+01 2.0051509051e-02 1.1869358698e-02 2.0736854419e-02 6.3054952153e-02
2.4623115578e+01 1.9852191073e-02 1.1348297750e-02 1.9908874287e-02 5.9581373412e-02
2.5125628141e+01 1.9121962165e-02 1.1614997539e-02 1.9763726168e-02 5.6292261724e-02
2.5628140704e+01 1.8034029275e-02 1.1577172775e-02 1.9187862597e-02 5.3825905165e-02
2.6130653266e+01 1.7747394385e-02 1.1311028148e-02 1.8875079097e-02 5.8392583070e-02
2.6633165829e+01 1.7138523126e-02 1.0952786580e-02 1.7828571061e-02 5.5025891232e-02
2.7135678392e+01 1.6862995533e-02 1.0801800472e-02 1.8121116962e-02 5.6127426389e-02
2.7638190955e+01 1.6703350585e-02 1.0448200754e-02 1.7470522990e-02 5.3028462724e-02
2.8140703518e+01 1.6208108248e-02 1.0275611378e-02 1.6598946801e-02 5.3358272932e-02
2.8643216080e+01 1.5868666509e-02 9.9538335709e-03 1.6666668220e-02 5.2681842526e-02
2.9145728643e+01 1.5580250462e-02 9.9759110603e-03 1.6610249805e-02 5.1597772930e-02
2.9648241206e+01 1.4927260581e-02 9.8108670836e-03 1.5542020721e-02 5.0970501206e-02
3.0150753769e+01 1.5064661279e-02 9.6602539125e-03 1.5934240517e-02 4.8047511464e-02
3.0653266332e+01 1.4583164172e-02 9.3626905083e-03 1.5753909286e-02 4.8432355585e-02
3.1155778894e+01 1.4340758036e-02 9.3845069907e-03 1.5509681525e-02 4.6635423661e-02
3.1658291457e+01 1.4284903905e-02 9.1538997334e-03 1.6090712663e-02 4.4596659794e-02
3.2160804020e+01 1.3897393069e-02 9.1053572865e-03 1.5465601206e-02 4.5716778648e-02
3.2663316583e+01 1.3519067190e-02 8.9315629498e-03 1.5267596059e-02 4.4859202879e-02
3.3165829146e+01 1.3098330449e-02 8.8703466229e-03 1.4829699451e-02 4.4628645918e-02
3.3668341709e+01 1.2749033366e-02 8.9667730697e-03 1.4886345711e-02 4.1377922846e-02
3.4170854271e+01 1.2636066495e-02 8.5431482395e-03 1.5117825020e-02 4.2066500426e-02
3.4673366834e+01 1.2387526492e-02 8.5157961116e-03 1.4733954295e-02 4.3612100097e-02
3.5175879397e+01 1.2058576146e-02 8.5038699778e-03 1.3788379373e-02 4.1715703171e-02
3.5678391960e+01 1.1755997346e-02 8.5413177804e-03 1.4116910884e-02 4.1758644884e-02
3.6180904523e+01 1.1699403509e-02 8.5356690950e-03 1.4085626372e-02 4.0380604129e-02
3.6683417085e+01 1.1387791213e-02 8.1487045792e-03 1.3962297118e-02 4.3944257542e-02
3.7185929648e+01 1.1151216440e-02 8.1630002158e-03 1.4010284122e-02 4.1989555256e-02
3.7688442211e+01 1.0763916431e-02 7.7705925524e-03 1.4045565465e-02 4.3481380179e-02
3.8190954774e+01 1.0655253634e-02 7.8610234982e-03 1.4030043949e-02 4.0769047960e-02
3.8693467337e+01 1.0604985188e-02 7.9564731636e-03 1.3937354895e-02 4.2518320235e-02
3.9195979899e+01 1.0583004003e-02 7.8299628816e-03 1.3375146731e-02 4.1614420599e-02
3.9698492462e+01 1.0143863316e-02 7.8945843187e-03 1.2939956480e-02 3.9921608691e-02
4.0201005025e+01 9.9827931332e-03 7.7810861102e-03 1.2460229403e-02 3.8229071366e-02
4.0703517588e+01 9.6826336897e-03 7.5787127836e-03 1.3056540339e-02 4.0031047280e-02
4.1206030151e+01 9.4373353470e-03 7.4070777135e-03 1.2457532396e-02 4.0369878983e-02
4.1708542714e+01 9.3380988340e-03 7.2672257105e-03 1.2201133538e-02 3.7628730061e-02
4.2211055276e+01 9.2601723567e-03 7.3208774475e-03 1.1915710699e-02 3.9067713339e-02
4.2713567839e+01 9.0733417667e-03 7.1136850325e-03 1.1777409034e-02 3.8386810297e-02
4.3216080402e+01 9.0344004841e-03 7.2468101372e-03 1.2257861452e-02 3.8478614755e-02
4.3718592965e+01 9.0950395319e-03 7.2431301172e-03 1.1833778106e-02 3.8705951334e-02
4.4221105528e+01 8.9253024556e-03 7.1729426152e-03 1.1394750010e-02 3.9513765735e-02
4.4723618090e+01 8.7442818612e-03 6.9636400585e-03 1.1906028468e-02 3.7937070536e-02
4.5226130653e+01 8.7502267982e-03 7.0637787821e-03 1.1806794740e-02 3.6788752519e-02
4.5728643216e+01 8.7078764551e-03 6.8751658639e-03 1.1282899930e-02 3.6337398769e-02
4.6231155779e+01 8.3630278655e-03 6.8289956155e-03 1.1723948632e-02 3.3065708114e-02
4.6733668342e+01 8.2240639985e-03 6.7518656252e-03 1.1561165787e-02 3.1992924571e-02
4.7236180905e+01 8.0927435451e-03 6.7650128949e-03 1.1421274011e-02 3.3535903389e-02
4.7738693467e+01 8.0085026024e-03 6.5600531827e-03 1.1318048485e-02 3.4428700510e-02
4.8241206030e+01 7.7581741470e-03 6.4113776005e-03 1.0866495657e-02 3.5673741011e-02
4.8743718593e+01 7.5717769888e-03 6.5154274375e-03 1.0828534428e-02 3.3797283452e-02
4.9246231156e+01 7.6382478111e-03 6.1586329005e-03 1.1192985331e-02 3.3797247034e-02
4.9748743719e+01 7.4501467382e-03 6.3518802669e-03 1.0507644077e-02 3.2425027730e-02
5.0251256281e+01 7.3284608315e-03 6.3361106831e-03 1.0503981813e-02 3.1887007022e-02
5.0753768844e+01 7.2249290281e-03 6.1911473389e-03 1.0378391314e-02 3.0783530649e-02
5.1256281407e+01 7.1890467114e-03 6.0312863902e-03 1.0423522639e-02 2.7240912490e-02
5.1758793970e+01 7.3125628534e-03 6.0343899829e-03 1.0248018715e-02 2.8075483730e-02
5.2261306533e+01 7.2694965139e-03 5.7539363307e-03 9.9725084511e-03 2.6378372268e-02
5.2763819095e+01 7.0975163365e-03 5.8727521416e-03 9.8491883433e-03 2.6897299403e-02
5.3266331658e+01 6.9401141555e-03 5.7391681882e-03 9.3526297074e-03 2.5849072158e-02
5.3768844221e+01 6.8169726036e-03 5.7464209515e-03 9.4288821564e-03 2.7191323248e-02
5.4271356784e+01 6.8371206696e-03 5.4783743100e-03 9.4115783389e-03 2.6262839499e-02
5.4773869347e+01 6.6987770964e-03 5.5269802043e-03 9.8804826427e-03 2.6097297853e-02
5.5276381910e+01 6.6414720412e-03 5.5708827782e-03 9.7899240910e-03 2.4555340581e-02
5.5778894472e+01 6.7138216214e-03 5.4822692344e-03 9.6497275234e-03 2.5701741241e-02
5.6281407035e+01 6.5076848739e-03 5.5286590704e-03 9.6317463238e-03 2.7107616094e-02
5.6783919598e+01 6.7342263037e-03 5.3541533126e-03 9.4952282672e-03 2.7556342736e-02
5.7286432161e+01 6.4426628380e-03 5.3993547548e-03 9.5128357506e-03 2.7223024025e-02
5.7788944724e+01 6.3033830740e-03 5.4887310671e-03 9.6047733830e-03 2.6641956718e-02
5.8291457286e+01 6.1634020746e-03 5.4693978569e-03 9.7281534855e-03 2.6555566531e-02
5.8793969849e+01 5.9953355614e-03 5.2325039635e-03 9.4763863870e-03 2.7553831740e-02
5.9296482412e+01 5.9753974479e-03 5.2417595726e-03 9.6042808385e-03 2.6580621761e-02
5.9798994975e+01 5.9040131850e-03 5.1308177974e-03 8.9648641767e-03 2.5992623741e-02
6.0301507538e+01 5.7186386254e-03 5.3363989227e-03 8.7516998677e-03 2.5001572351e-02
6.0804020101e+01 5.8180998457e-03 5.2355873090e-03 8.6331882231e-03 2.5176434451e-02
6.1306532663e+01 5.8014648473e-03 5.2024986531e-03 8.5404510894e-03 2.3458044189e-02
6.1809045226e+01 5.5978329847e-03 5.0174344915e-03 8.5101626177e-03 2.2293296837e-02
6.2311557789e+01 5.6459546726e-03 5.0868702740e-03 8.7205256280e-03 2.1322499423e-02
6.2814070352e+01 5.6325736679e-03 4.9411405400e-03 8.7639824361e-03 1.9576571666e-02
6.3316582915e+01 5.4438731260e-03 5.0660277764e-03 8.9846394284e-03 2.1128850285e-02
6.3819095477e+01 5.5180563306e-03 4.9799242263e-03 8.9943165127e-03 2.1569068566e-02
6.4321608040e+01 5.3567486713e-03 5.0385813518e-03 8.7777018971e-03 2.1509532835e-02
6.4824120603e+01 5.1655144227e-03 5.1367389495e-03 8.8088729192e-03 2.0749547868e-02
6.5326633166e+01 5.0599005788e-03 5.2134300091e-03 8.7877251371e-03 2.1410687438e-02
6.5829145729e+01 4.9691007633e-03 5.1072731199e-03 8.8611081072e-03 2.2258675250e-02
6.6331658291e+01 4.9578711384e-03 4.9870512928e-03 8.8774978750e-03 2.2536685233e-02
6.6834170854e+01 4.8921192183e-03 5.0557701022e-03 8.7173981943e-03 2.2871710821e-02
6.7336683417e+01 4.8027973635e-03 4.9933723625e-03 8.4601414268e-03 2.4076731417e-02
6.7839195980e+01 4.6867937498e-03 5.2067883334e-03 8.4906376516e-03 2.4309636501e-02
6.8341708543e+01 4.6598030712e-03 4.8959088811e-03 8.2463690985e-03 2.6902440287e-02
6.8844221106e+01 4.4668667790e-03 4.8091180349e-03 8.1545010502e-03 2.7417045771e-02
6.9346733668e+01 4.5224441273e-03 4.7066147290e-03 8.1112354583e-03 2.6067738287e-02
6.9849246231e+01 4.5622289277e-03 4.7617889880e-03 8.0887059935e-03 2.5615423207e-02
7.0351758794e+01 4.4058167208e-03 4.6698773261e-03 8.3590083916e-03 2.6355174431e-02
7.0854271357e+01 4.3649033349e-03 4.7166510393e-03 8.0605997753e-03 2.6599237787e-02
7.1356783920e+01 4.2348942022e-03 4.6905735932e-03 8.3445191810e-03 2.6590249836e-02
7.1859296482e+01 4.2103627562e-03 4.6903990432e-03 8.5291967301e-03 2.4755402668e-02
7.2361809045e+01 4.1896941273e-03 4.5658691962e-03 8.2575452090e-03 2.5251716408e-02
7.2864321608e+01 4.1228555135e-03 4.5996723126e-03 8.3610782678e-03 2.3896715129e-02
7.3366834171e+01 4.0331315772e-03 4.4095950289e-03 8.3643147622e-03 2.2904855116e-02
7.3869346734e+01 3.9927245126e-03 4.4430837275e-03 8.2657221889e-03 2.2656647445e-02
7.4371859296e+01 3.9243852406e-03 4.3485047049e-03 8.2863121223e-03 2.1462553092e-02
7.4874371859e+01 4.0019925484e-03 4.3681108806e-03 8.1408751140e-03 2.2484543876e-02
7.5376884422e+01 4.0770875605e-03 4.3720392668e-03 8.2602893802e-03 2.1199729807e-02
7.5879396985e+01 3.9512722368e-03 4.3488776849e-03 8.4329162039e-03 2.1347143664e-02
7.6381909548e+01 3.8503775144e-03 4.2705287212e-03 8.2278506971e-03 2.2469539617e-02
7.6884422111e+01 3.8289244894e-03 4.2573565841e-03 7.7572778755e-03 2.1021530170e-02
7.7386934673e+01 3.9380209239e-03 4.1905213771e-03 7.5055904708e-03 1.9311056316e-02
7.7889447236e+01 3.8427036023e-03 4.1055544160e-03 7.5890306093e-03 1.9441546938e-02
7.8391959799e+01 3.8849482530e-03 4.0158187561e-03 7.5553327159e-03 2.0325881692e-02
7.8894472362e+01 3.7692643666e-03 4.0771098145e-03 7.5099999911e-03 1.9120884330e-02
7.9396984925e+01 3.7115537653e-03 4.0386750469e-03 7.3303098010e-03 2.0838676698e-02
7.9899497487e+01 3.7010291217e-03 3.9901647957e-03 7.6506133047e-03 1.8776395280e-02
8.0402010050e+01 3.6681997815e-03 4.0229600512e-03 7.5628888404e-03 2.0084718513e-02
8.0904522613e+01 3.7530833895e-03 4.0327784088e-03 7.3559581002e-03 1.8372782525e-02
8.1407035176e+01 3.7265368293e-03 4.0244620614e-03 7.3288717111e-03 1.9023718380e-02
8.1909547739e+01 3.6821540661e-03 4.0120481446e-03 7.3753421019e-03 1.8548884741e-02
8.2412060302e+01 3.5790959191e-03 3.9599718004e-03 7.1799275047e-03 1.8326898155e-02
8.2914572864e+01 3.5646730052e-03 4.0666283802e-03 7.2719016757e-03 1.8203310737e-02
8.3417085427e+01 3.5644187867e-03 4.2022721883e-03 7.2789261402e-03 1.8808803600e-02
8.3919597990e+01 3.5347283099e-03 4.2006758125e-03 6.9550961993e-03 1.8868022656e-02
8.4422110553e+01 3.4064655582e-03 4.0349193717e-03 6.4292687645e-03 2.0207244381e-02
8.4924623116e+01 3.4155106473e-03 3.9707844266e-03 6.5022518206e-03 1.7733506252e-02
8.5427135678e+01 3.3881017818e-03 3.9953734814e-03 6.4204191725e-03 1.9034992699e-02
8.5929648241e+01 3.4437701745e-03 4.0237796056e-03 6.3184950708e-03 1.8983580268e-02
8.6432160804e+01 3.4385347576e-03 3.9566859626e-03 6.3474434247e-03 1.9401545208e-02
8.6934673367e+01 3.4661677704e-03 3.9971321086e-03 6.0677414884e-03 2.0510749542e-02
8.7437185930e+01 3.5131532237e-03 3.9953337612e-03 6.5715157944e-03 1.9610312683e-02
8.7939698492e+01 3.3317872479e-03 3.9404206922e-03 6.4686841902e-03 1.9548053163e-02
8.8442211055e+01 3.3626133238e-03 3.8757144124e-03 6.4417841246e-03 1.9613633425e-02
8.8944723618e+01 3.4370105750e-03 3.9291086196e-03 6.3866608205e-03 1.9075686209e-02
8.9447236181e+01 3.3072809561e-03 3.8473739470e-03 6.5341081490e-03 1.7243474224e-02
8.9949748744e+01 3.3080536894e-03 3.7132679397e-03 6.5177524651e-03 1.7659515429e-02
9.0452261307e+01 3.3026401224e-03 3.6218501147e-03 6.2971017698e-03 1.7777518685e-02
9.0954773869e+01 3.2249334342e-03 3.5463260863e-03 6.5224809023e-03 1.6708923602e-02
9.1457286432e+01 3.1996813294e-03 3.5449866022e-03 6.6883272819e-03 1.6727182264e-02
9.1959798995e+01 3.1438752587e-03 3.6188338652e-03 6.3733004919e-03 1.5137896341e-02
9.2462311558e+01 3.2070780320e-03 3.6049469317e-03 6.6843870626e-03 1.5293284798e-02
9.2964824121e+01 3.1405240258e-03 3.4874305434e-03 6.3807064309e-03 1.4686862446e-02
9.3467336683e+01 3.1191228974e-03 3.5152487056e-03 6.4600679414e-03 1.5240849899e-02
9.3969849246e+01 3.0371332394e-03 3.5447021694e-03 6.0835700574e-03 1.5666294958e-02
9.4472361809e+01 2.9231198929e-03 3.4673079416e-03 5.8358726134e-03 1.4624836300e-02
9.4974874372e+01 2.9541055648e-03 3.4155376655e-03 5.8319714653e-03 1.3735417358e-02
9.5477386935e+01 2.8720530151e-03 3.5504978687e-03 5.9252041195e-03 1.3039590966e-02
9.5979899497e+01 2.9076910721e-03 3.5659713986e-03 5.8639753701e-03 1.2231817553e-02
9.6482412060e+01 2.8538328343e-03 3.5560912594e-03 6.0702841126e-03 1.2627634701e-02
9.6984924623e+01 2.9033184482e-03 3.4699526471e-03 6.0138103953e-03 1.4128215989e-02
9.7487437186e+01 2.8350253654e-03 3.3631100709e-03 5.8415674172e-03 1.3285755476e-02
9.7989949749e+01 2.8038940214e-03 3.4616266034e-03 5.7906029696e-03 1.3263703670e-02
9.8492462312e+01 2.7798460416e-03 3.3988066583e-03 5.8110142575e-03 1.2403121559e-02
9.8994974874e+01 2.7972235105e-03 3.3733849098e-03 5.7453871988e-03 1.2391002177e-02
9.9497487437e+01 2.6826797409e-03 3.3258149371e-03 5.9371163004e-03 1.1708475914e-02
1.0000000000e+02 2.6929963900e-03 3.2827499125e-03 5.9388876675e-03 1.2834422553e-02
