time_us curve_3_3 curve_8_25 curve_16_5 curve_24_75 curve_33 curve_66 curve_165 curve_330
0.0000000000e+00 8.0207739187e-01 8.8776455481e-01 9.2372092835e-01 9.3687290555e-01 8.0851525816e-01 8.6961270698e-01 7.1252264257e-01 7.9685589708e-01
5.0000000000e-02 7.9821749235e-01 8.8028096810e-01 9.1660921654e-01 9.2964913039e-01 8.0390098291e-01 8.6298921293e-01 7.1018675765e-01 7.9117765079e-01
5.1909181181e-02 7.9792578764e-01 8.8028485407e-01 9.1627118914e-01 9.2926687349e-01 8.0386378983e-01 8.6272078245e-01 7.0965563698e-01 7.9130696996e-01
5.3891261818e-02 7.9707315884e-01 8.8048404266e-01 9.1587545711e-01 9.2914134191e-01 8.0438650064e-01 8.6222783593e-01 7.0998051471e-01 7.9041813149e-01
5.5949025476e-02 7.9738262072e-01 8.8004348728e-01 9.1558778436e-01 9.2878632203e-01 8.0432536184e-01 8.6200862810e-01 7.0898634376e-01 7.9020592869e-01
5.8085362007e-02 7.9766317708e-01 8.7925228685e-01 9.1518241841e-01 9.2833529202e-01 8.0386379759e-01 8.6125604577e-01 7.0817483313e-01 7.8942093055e-01
6.0303271607e-02 7.9743633280e-01 8.7938565390e-01 9.1496841268e-01 9.2816815073e-01 8.0397090637e-01 8.6059976852e-01 7.0824445421e-01 7.8908188115e-01
6.2605869034e-02 7.9756496752e-01 8.7897976335e-01 9.1433783114e-01 9.2790284353e-01 8.0434989101e-01 8.5994519535e-01 7.0786662842e-01 7.8873928487e-01
6.4996387973e-02 7.9723078043e-01 8.7901085493e-01 9.1377025304e-01 9.2784047497e-01 8.0418660428e-01 8.5976926441e-01 7.0806499554e-01 7.8892894002e-01
6.7478185589e-02 7.9658230162e-01 8.7847423086e-01 9.1330541260e-01 9.2736401086e-01 8.0421398314e-01 8.5957507711e-01 7.0847006885e-01 7.8849812355e-01
7.0054747230e-02 7.9621302635e-01 8.7818780372e-01 9.1308393853e-01 9.2683435546e-01 8.0396610211e-01 8.5909315860e-01 7.0787561258e-01 7.8806611096e-01
7.2729691331e-02 7.9604209792e-01 8.7786460405e-01 9.1318438632e-01 9.2640302139e-01 8.0363556268e-01 8.5883879334e-01 7.0722044164e-01 7.8789167114e-01
7.5506774491e-02 7.9512037031e-01 8.7782304923e-01 9.1267240664e-01 9.2584689895e-01 8.0327094544e-01 8.5854601581e-01 7.0727123689e-01 7.8788863960e-01
7.8389896749e-02 7.9630953022e-01 8.7759365818e-01 9.1227000560e-01 9.2556931820e-01 8.0263801518e-01 8.5827745949e-01 7.0642086271e-01 7.8750135071e-01
8.1383107062e-02 7.9666406588e-01 8.7748808709e-01 9.1168386957e-01 9.2513375438e-01 8.0241101272e-01 8.5739003134e-01 7.0633874307e-01 7.8746209793e-01
8.4490608992e-02 7.9611729339e-01 8.7677599975e-01 9.1127654667e-01 9.2469155461e-01 8.0293633336e-01 8.5675076622e-01 7.0580111876e-01 7.8759497924e-01
8.7716766605e-02 7.9554812041e-01 8.7576773136e-01 9.1063060361e-01 9.2416872807e-01 8.0385436493e-01 8.5662261969e-01 7.0600947567e-01 7.8712289759e-01
9.1066110606e-02 7.9561615804e-01 8.7561139112e-01 9.1003850920e-01 9.2395968865e-01 8.0366864463e-01 8.5659649339e-01 7.0574935623e-01 7.8697518307e-01
9.4543344699e-02 7.9569450833e-01 8.7477197044e-01 9.0980960652e-01 9.2378792454e-01 8.0343976809e-01 8.5609270032e-01 7.0615804333e-01 7.8619445878e-01
9.8153352189e-02 7.9523224656e-01 8.7437189129e-01 9.0913860870e-01 9.2311986098e-01 8.0239071738e-01 8.5520298520e-01 7.0470415993e-01 7.8573202424e-01
1.0190120285e-01 7.9467407559e-01 8.7373528870e-01 9.0850694889e-01 9.2251889158e-01 8.0185674719e-01 8.5444229221e-01 7.0445534521e-01 7.8560461063e-01
1.0579216002e-01 7.9438915216e-01 8.7322197156e-01 9.0783811562e-01 9.2176804485e-01 8.0101246367e-01 8.5404758408e-01 7.0419577977e-01 7.8523918652e-01
1.0983168804e-01 7.9343757007e-01 8.7281853096e-01 9.0740748579e-01 9.2137442099e-01 8.0069084308e-01 8.5320404206e-01 7.0386388274e-01 7.8526960052e-01
1.1402545988e-01 7.9292847442e-01 8.7195988247e-01 9.0692342104e-01 9.2095179261e-01 8.0077245239e-01 8.5268532252e-01 7.0373339506e-01 7.8528617878e-01
1.1837936512e-01 7.9233341964e-01 8.7082471109e-01 9.0615905752e-01 9.2039083613e-01 8.0043919741e-01 8.5248538929e-01 7.0355739809e-01 7.8499035023e-01
1.2289951825e-01 7.9149226100e-01 8.7057974005e-01 9.0550153103e-01 9.1961450728e-01 7.9888861411e-01 8.5173458388e-01 7.0288590903e-01 7.8507213229e-01
1.2759226719e-01 7.9070666748e-01 8.7015300297e-01 9.0466379993e-01 9.1919384248e-01 7.9894907356e-01 8.5077499076e-01 7.0203207264e-01 7.8377485678e-01
1.3246420230e-01 7.8961043918e-01 8.6928952771e-01 9.0372038190e-01 9.1853359358e-01 7.9766492344e-01 8.5040031977e-01 7.0145376326e-01 7.8301002474e-01
1.3752216555e-01 7.8925877135e-01 8.6916145104e-01 9.0302428917e-01 9.1782846038e-01 7.9649893170e-01 8.5023465484e-01 7.0067310803e-01 7.8240628935e-01
1.4277326016e-01 7.8875732877e-01 8.6842433261e-01 9.0252723338e-01 9.1739200653e-01 7.9558268747e-01 8.4921266396e-01 6.9955160183e-01 7.8202633481e-01
1.4822486058e-01 7.8864270961e-01 8.6745263971e-01 9.0173032222e-01 9.1641582987e-01 7.9536678611e-01 8.4864071282e-01 6.9837801320e-01 7.8155349416e-01
1.5388462287e-01 7.8740451154e-01 8.6694266846e-01 9.0056398047e-01 9.1601904583e-01 7.9519650987e-01 8.4761213048e-01 6.9815533202e-01 7.8091486438e-01
1.5976049539e-01 7.8621567153e-01 8.6616977068e-01 9.0018397011e-01 9.1532735094e-01 7.9530255723e-01 8.4743292067e-01 6.9779443209e-01 7.8021907932e-01
1.6586073002e-01 7.8504510132e-01 8.6542060797e-01 8.9957922736e-01 9.1459368389e-01 7.9489221234e-01 8.4731094683e-01 6.9634226925e-01 7.8002572008e-01
1.7219389371e-01 7.8428884491e-01 8.6453048378e-01 8.9896706379e-01 9.1400356291e-01 7.9388034754e-01 8.4597340467e-01 6.9640166070e-01 7.7983043417e-01
1.7876888054e-01 7.8337430900e-01 8.6426526805e-01 8.9795120261e-01 9.1341090019e-01 7.9253855077e-01 8.4460869636e-01 6.9603427203e-01 7.7968065475e-01
1.8559492419e-01 7.8118405148e-01 8.6361165846e-01 8.9667616788e-01 9.1241863963e-01 7.9132871159e-01 8.4361594745e-01 6.9570345133e-01 7.7857675667e-01
1.9268161092e-01 7.7987831866e-01 8.6251402461e-01 8.9601520548e-01 9.1156190989e-01 7.9061864049e-01 8.4298758556e-01 6.9587619928e-01 7.7722369431e-01
2.0003889303e-01 7.8015525662e-01 8.6123793786e-01 8.9506758018e-01 9.1043745731e-01 7.8904566212e-01 8.4222395685e-01 6.9391146134e-01 7.7600848540e-01
2.0767710283e-01 7.7885739351e-01 8.6042717620e-01 8.9432984730e-01 9.0933899492e-01 7.8644184304e-01 8.4124247142e-01 6.9345980950e-01 7.7569841508e-01
2.1560696716e-01 7.7938794171e-01 8.5909522077e-01 8.9309175422e-01 9.0835708012e-01 7.8598004444e-01 8.4074924012e-01 6.9373466183e-01 7.7551924490e-01
2.2383962244e-01 7.8008305109e-01 8.5809621889e-01 8.9173127281e-01 9.0704829176e-01 7.8493150450e-01 8.4028683317e-01 6.9363807539e-01 7.7496106080e-01
2.3238663034e-01 7.7881419052e-01 8.5710350744e-01 8.9048469628e-01 9.0635063211e-01 7.8343685245e-01 8.3902190364e-01 6.9400736322e-01 7.7441548371e-01
2.4125999397e-01 7.7854945980e-01 8.5577476522e-01 8.8926123928e-01 9.0513346175e-01 7.8099739323e-01 8.3743972813e-01 6.9360227656e-01 7.7385177217e-01
2.5047217477e-01 7.7778955567e-01 8.5471403232e-01 8.8849400941e-01 9.0375343864e-01 7.8004479455e-01 8.3596479806e-01 6.9229415044e-01 7.7322372555e-01
2.6003611002e-01 7.7768092562e-01 8.5311398501e-01 8.8683946716e-01 9.0221646346e-01 7.7985153045e-01 8.3445955339e-01 6.9170663105e-01 7.7170012538e-01
2.6996523097e-01 7.7578052563e-01 8.5084234565e-01 8.8539943606e-01 9.0104325601e-01 7.7885314810e-01 8.3353774838e-01 6.8978205147e-01 7.7035405821e-01
2.8027348174e-01 7.7461763380e-01 8.4899779210e-01 8.8415197701e-01 8.9978994032e-01 7.7763380646e-01 8.3300954243e-01 6.8898635891e-01 7.7037918565e-01
2.9097533888e-01 7.7376237693e-01 8.4692328841e-01 8.8233324888e-01 8.9816811721e-01 7.7653673425e-01 8.3168350797e-01 6.8758689009e-01 7.6908730372e-01
3.0208583170e-01 7.7198613088e-01 8.4482966388e-01 8.8070747969e-01 8.9655815051e-01 7.7390058041e-01 8.3013982177e-01 6.8452055787e-01 7.6842240339e-01
3.1362056340e-01 7.7038611181e-01 8.4225918558e-01 8.7908656810e-01 8.9498087537e-01 7.7352750009e-01 8.2952991078e-01 6.8423345050e-01 7.6726362208e-01
3.2559573296e-01 7.6951191994e-01 8.4076276256e-01 8.7696324916e-01 8.9375871767e-01 7.7159094003e-01 8.2818699855e-01 6.8232797449e-01 7.6536661077e-01
3.3802815788e-01 7.6910730889e-01 8.3970885675e-01 8.7515846008e-01 8.9173185279e-01 7.7166496398e-01 8.2649496469e-01 6.8061979354e-01 7.6474456543e-01
3.5093529783e-01 7.6750889994e-01 8.3739275721e-01 8.7335581657e-01 8.9039649209e-01 7.6989032347e-01 8.2454980830e-01 6.7958565008e-01 7.6373695836e-01
3.6433527916e-01 7.6560865150e-01 8.3505564536e-01 8.7160225170e-01 8.8822518363e-01 7.6963578109e-01 8.2235573224e-01 6.7889109368e-01 7.6270134650e-01
3.7824692033e-01 7.6334372807e-01 8.3373073067e-01 8.6944897812e-01 8.8667098065e-01 7.6770144366e-01 8.2074584809e-01 6.7905687596e-01 7.6210881945e-01
3.9268975837e-01 7.6200210569e-01 8.3257623971e-01 8.6755643138e-01 8.8464349182e-01 7.6594356410e-01 8.1917412521e-01 6.7739785677e-01 7.6197689498e-01
4.0768407631e-01 7.6050893565e-01 8.3057681872e-01 8.6526770710e-01 8.8264984560e-01 7.6349075167e-01 8.1763660532e-01 6.7721371315e-01 7.6111050307e-01
4.2325093164e-01 7.5996666816e-01 8.2856697129e-01 8.6292104892e-01 8.8039352284e-01 7.6241291147e-01 8.1670622738e-01 6.7623432450e-01 7.5979366657e-01
4.3941218591e-01 7.5726637444e-01 8.2772859778e-01 8.6177459534e-01 8.7843601113e-01 7.6184263271e-01 8.1558576732e-01 6.7579207295e-01 7.5775445007e-01
4.5619053543e-01 7.5464679618e-01 8.2574629284e-01 8.5950683464e-01 8.7708178333e-01 7.6122154162e-01 8.1421985497e-01 6.7558523395e-01 7.5711113668e-01
4.7360954313e-01 7.5229849373e-01 8.2325123880e-01 8.5817621966e-01 8.7569533216e-01 7.5923576219e-01 8.1208020311e-01 6.7631959645e-01 7.5610702186e-01
4.9169367167e-01 7.4814440992e-01 8.2137316768e-01 8.5640902247e-01 8.7315916199e-01 7.5681342635e-01 8.1094839400e-01 6.7405771995e-01 7.5362263875e-01
5.1046831777e-01 7.4665375832e-01 8.1979380549e-01 8.5452445825e-01 8.7151885443e-01 7.5530810284e-01 8.0903461688e-01 6.7306325035e-01 7.5165683599e-01
5.2995984789e-01 7.4540483283e-01 8.1737392828e-01 8.5285935663e-01 8.6888146227e-01 7.5327787075e-01 8.0672901848e-01 6.7178294219e-01 7.5007982448e-01
5.5019563525e-01 7.4372180059e-01 8.1571083760e-01 8.5011666555e-01 8.6651695755e-01 7.5142592963e-01 8.0513599340e-01 6.7134748696e-01 7.4802382434e-01
5.7120409831e-01 7.4030509352e-01 8.1403397542e-01 8.4694993889e-01 8.6404892107e-01 7.4850010139e-01 8.0257056947e-01 6.7011188213e-01 7.4673272254e-01
5.9301474061e-01 7.3897087723e-01 8.1211281480e-01 8.4412488788e-01 8.6090965784e-01 7.4821085989e-01 7.9964221283e-01 6.6864061903e-01 7.4474514462e-01
6.1565819227e-01 7.3827873662e-01 8.0897591859e-01 8.4144777327e-01 8.5855351224e-01 7.4572929914e-01 7.9809388020e-01 6.6397141177e-01 7.4386306105e-01
6.3916625296e-01 7.3559979949e-01 8.0781426651e-01 8.3976308369e-01 8.5550695047e-01 7.4627680686e-01 7.9604553928e-01 6.5996578440e-01 7.4131240781e-01
6.6357193660e-01 7.3518184268e-01 8.0492420925e-01 8.3706780525e-01 8.5263582175e-01 7.4457782992e-01 7.9359867243e-01 6.5712368860e-01 7.3929091686e-01
6.8890951767e-01 7.3397934084e-01 8.0298486719e-01 8.3452313878e-01 8.4926859495e-01 7.4159051747e-01 7.9103379169e-01 6.5670820018e-01 7.3735278622e-01
7.1521457940e-01 7.3101911114e-01 8.0053345080e-01 8.3144549890e-01 8.4640233060e-01 7.4039456949e-01 7.8756928792e-01 6.5375109906e-01 7.3565051924e-01
7.4252406371e-01 7.2999158688e-01 7.9738072385e-01 8.2830793701e-01 8.4307329590e-01 7.3852509873e-01 7.8482426186e-01 6.5346544039e-01 7.3325913464e-01
7.7087632309e-01 7.2563474161e-01 7.9369130493e-01 8.2549376693e-01 8.3972190245e-01 7.3584349786e-01 7.8051326902e-01 6.5168223880e-01 7.3061217343e-01
8.0031117447e-01 7.2275088583e-01 7.8948853766e-01 8.2216213471e-01 8.3651174894e-01 7.3073694429e-01 7.7785893289e-01 6.4828408444e-01 7.2815818456e-01
8.3086995514e-01 7.1825982812e-01 7.8634087605e-01 8.1901845860e-01 8.3308730146e-01 7.2870206239e-01 7.7286952439e-01 6.4683580674e-01 7.2676530124e-01
8.6259558078e-01 7.1470079890e-01 7.8248562666e-01 8.1505089498e-01 8.2903995690e-01 7.2442992521e-01 7.7186930236e-01 6.4409260204e-01 7.2333077195e-01
8.9553260578e-01 7.1161208875e-01 7.7959779451e-01 8.1074848594e-01 8.2396988412e-01 7.2077173282e-01 7.6756101204e-01 6.4286561775e-01 7.2100686544e-01
9.2972728574e-01 7.0756746403e-01 7.7518042772e-01 8.0798156133e-01 8.2058313531e-01 7.1913527416e-01 7.6585729079e-01 6.4068187587e-01 7.1925666644e-01
9.6522764249e-01 7.0405725455e-01 7.7266627455e-01 8.0471500193e-01 8.1657917390e-01 7.1687250178e-01 7.6234708003e-01 6.4105010520e-01 7.1663842219e-01
1.0020835315e+00 7.0153553051e-01 7.6893176651e-01 8.0132569415e-01 8.1341770448e-01 7.1379355140e-01 7.6054160712e-01 6.3777260507e-01 7.1351036783e-01
1.0403467119e+00 7.0045126757e-01 7.6544668916e-01 7.9711702428e-01 8.0883473682e-01 7.1139438044e-01 7.5636501504e-01 6.3145790295e-01 7.1031981660e-01
1.0800709192e+00 6.9746953175e-01 7.6102903635e-01 7.9209574878e-01 8.0457257914e-01 7.0839622602e-01 7.5117335062e-01 6.2843698230e-01 7.0801400766e-01
1.1213119407e+00 6.9608184201e-01 7.5796271166e-01 7.8786973889e-01 7.9982169182e-01 7.0729968178e-01 7.4743060502e-01 6.2367586240e-01 7.0519846912e-01
1.1641276938e+00 6.9420768791e-01 7.5462314862e-01 7.8380983783e-01 7.9507770699e-01 7.0190615564e-01 7.4338848687e-01 6.2048646329e-01 7.0149657867e-01
1.2085783075e+00 6.9071862265e-01 7.5111545001e-01 7.7946036468e-01 7.9016678948e-01 7.0161579617e-01 7.4097850155e-01 6.1745756313e-01 6.9892364269e-01
1.2547262067e+00 6.8395548636e-01 7.4629758508e-01 7.7543512063e-01 7.8537485066e-01 6.9759234272e-01 7.3772278662e-01 6.1509151822e-01 6.9636725467e-01
1.3026361999e+00 6.7864685002e-01 7.4194960749e-01 7.7080899121e-01 7.8068143287e-01 6.9504815001e-01 7.3316503157e-01 6.1407444842e-01 6.9340504417e-01
1.3523755703e+00 6.7623102237e-01 7.3896053186e-01 7.6516428785e-01 7.7569480832e-01 6.9126931023e-01 7.2946775513e-01 6.1104068739e-01 6.8876576733e-01
1.4040141700e+00 6.7361176242e-01 7.3495232248e-01 7.6016416421e-01 7.7057931864e-01 6.8722070305e-01 7.2568207066e-01 6.0815552483e-01 6.8498127457e-01
1.4576245187e+00 6.6797752621e-01 7.3002642106e-01 7.5548965020e-01 7.6556868758e-01 6.8365132286e-01 7.2097153894e-01 6.0659292337e-01 6.8060056310e-01
1.5132819047e+00 6.6354956598e-01 7.2479075979e-01 7.5053231722e-01 7.6071637114e-01 6.8039997098e-01 7.1718689232e-01 6.0264491613e-01 6.7496236456e-01
1.5710644914e+00 6.5920865069e-01 7.2198050410e-01 7.4578519426e-01 7.5530351245e-01 6.7734675225e-01 7.1153798836e-01 5.9974324842e-01 6.7185193485e-01
1.6310534266e+00 6.5524761308e-01 7.1644663286e-01 7.4054397340e-01 7.4953931754e-01 6.7183160782e-01 7.0805911122e-01 5.9764850954e-01 6.6755898123e-01
1.6933329567e+00 6.5005854647e-01 7.1136140996e-01 7.3408431572e-01 7.4388628816e-01 6.6676265564e-01 7.0193264572e-01 5.9469165145e-01 6.6404870967e-01
1.7579905450e+00 6.4483415288e-01 7.0515232671e-01 7.2728143802e-01 7.3797925138e-01 6.6024013125e-01 6.9761896778e-01 5.9240534349e-01 6.5919959055e-01
1.8251169943e+00 6.4234606092e-01 6.9914916323e-01 7.2096580024e-01 7.3214367715e-01 6.5841279846e-01 6.9109570827e-01 5.8589776793e-01 6.5420694616e-01
1.8948065747e+00 6.3741927892e-01 6.9292250224e-01 7.1323295096e-01 7.2668337075e-01 6.5469743493e-01 6.8616694600e-01 5.8271065366e-01 6.4979097131e-01
1.9671571558e+00 6.3412297454e-01 6.8624766565e-01 7.0695602354e-01 7.1966240459e-01 6.5244311895e-01 6.8009298284e-01 5.7484937439e-01 6.4406531109e-01
2.0422703442e+00 6.2402861951e-01 6.8003417732e-01 7.0086009701e-01 7.1324676492e-01 6.4693207441e-01 6.7470421206e-01 5.7134902389e-01 6.4204585226e-01
2.1202516264e+00 6.2081756883e-01 6.7661470402e-01 6.9490087962e-01 7.0586748597e-01 6.4426882749e-01 6.6978816513e-01 5.6537355584e-01 6.3874403517e-01
2.2012105165e+00 6.1568247704e-01 6.7138983022e-01 6.8836913748e-01 6.9979865252e-01 6.3858945043e-01 6.6138229010e-01 5.5962618717e-01 6.3352311817e-01
2.2852607104e+00 6.0959980107e-01 6.6371743707e-01 6.8265668874e-01 6.9457956865e-01 6.3157224116e-01 6.5613197339e-01 5.5768148825e-01 6.2800795818e-01
2.3725202452e+00 6.0556993823e-01 6.5704002017e-01 6.7617775948e-01 6.8747661339e-01 6.2494311465e-01 6.4879428022e-01 5.5104280678e-01 6.2513949563e-01
2.4631116653e+00 5.9958116082e-01 6.5082779158e-01 6.6823020644e-01 6.8057989511e-01 6.1986743135e-01 6.4321993022e-01 5.4434729955e-01 6.2114501396e-01
2.5571621941e+00 5.9495034574e-01 6.4304306925e-01 6.6094324297e-01 6.7218801986e-01 6.1439169874e-01 6.3745982314e-01 5.4131491032e-01 6.1631808977e-01
2.6548039128e+00 5.8756295955e-01 6.3591444596e-01 6.5352590077e-01 6.6516765333e-01 6.0913044498e-01 6.3232037124e-01 5.3899468874e-01 6.1040833101e-01
2.7561739462e+00 5.8089922424e-01 6.2772234316e-01 6.4573181844e-01 6.5765670585e-01 6.0401618044e-01 6.2352962833e-01 5.3613851229e-01 6.0467649686e-01
2.8614146548e+00 5.7676934490e-01 6.1902501809e-01 6.3944359959e-01 6.5033291846e-01 5.9877862183e-01 6.1847858815e-01 5.2995968992e-01 5.9812611446e-01
2.9706738350e+00 5.6944409068e-01 6.1226858550e-01 6.3290812852e-01 6.4201966612e-01 5.9082307217e-01 6.1102632287e-01 5.2721991544e-01 5.9523620335e-01
3.0841049266e+00 5.6519081089e-01 6.0526908910e-01 6.2542990625e-01 6.3504756724e-01 5.8591523876e-01 6.0375208394e-01 5.2122184682e-01 5.8867136055e-01
3.2018672284e+00 5.6350025456e-01 5.9926676464e-01 6.1895731870e-01 6.2679188724e-01 5.7740797017e-01 5.9642623370e-01 5.1767136601e-01 5.8380247882e-01
3.3241261215e+00 5.5727489236e-01 5.9273795749e-01 6.1151596858e-01 6.1970645401e-01 5.6909763722e-01 5.9001425248e-01 5.1289985891e-01 5.7715485301e-01
3.4510533022e+00 5.4943784204e-01 5.8557753035e-01 6.0347031872e-01 6.1254401674e-01 5.6290741648e-01 5.8294053381e-01 5.0791952538e-01 5.6968905551e-01
3.5828270226e+00 5.4227470633e-01 5.7954939397e-01 5.9571569475e-01 6.0498386875e-01 5.5675850941e-01 5.7534257446e-01 5.0772944846e-01 5.6501508118e-01
3.7196323411e+00 5.3511390354e-01 5.7254925228e-01 5.8812085299e-01 5.9747509478e-01 5.5007215115e-01 5.6754755513e-01 5.0332314873e-01 5.5828332238e-01
3.8616613825e+00 5.2826489798e-01 5.6652615843e-01 5.8060405293e-01 5.8961540327e-01 5.4269205728e-01 5.5872687269e-01 5.0152264833e-01 5.5397594230e-01
4.0091136072e+00 5.1697633348e-01 5.6046102428e-01 5.7191632761e-01 5.8225603736e-01 5.3582162340e-01 5.5277672391e-01 4.9614562972e-01 5.4513408226e-01
4.1621960923e+00 5.1393512863e-01 5.5190995447e-01 5.6430756297e-01 5.7431305564e-01 5.3194201008e-01 5.4539361197e-01 4.9248044507e-01 5.3783290541e-01
4.3211238213e+00 5.0927622578e-01 5.4474000087e-01 5.5747445146e-01 5.6549938266e-01 5.2589064491e-01 5.3950916787e-01 4.8431020076e-01 5.3395381153e-01
4.4861199869e+00 5.0115394464e-01 5.3858052543e-01 5.5028282804e-01 5.5722961781e-01 5.1769680585e-01 5.3139069059e-01 4.7764546651e-01 5.2878495251e-01
4.6574163040e+00 4.9589536835e-01 5.3036809330e-01 5.4283368859e-01 5.4875831490e-01 5.1203930615e-01 5.2334802137e-01 4.7328317624e-01 5.2398097208e-01
4.8352533353e+00 4.8833190315e-01 5.2255258792e-01 5.3459068743e-01 5.4059784165e-01 5.0276930619e-01 5.1721464182e-01 4.7067944948e-01 5.1752493061e-01
5.0198808287e+00 4.8346863877e-01 5.1359890113e-01 5.2696525866e-01 5.3243266604e-01 4.9566594963e-01 5.1020067451e-01 4.6994604394e-01 5.1224322321e-01
5.2115580689e+00 4.7340374855e-01 5.0499793315e-01 5.1839224098e-01 5.2416283017e-01 4.8709729599e-01 5.0465323414e-01 4.6441728991e-01 5.0509508691e-01
5.4105542407e+00 4.6897238386e-01 4.9730514235e-01 5.1112221656e-01 5.1573919922e-01 4.8316050159e-01 4.9648245371e-01 4.5819509844e-01 4.9976926005e-01
5.6171488074e+00 4.6636286311e-01 4.8867870382e-01 5.0367339840e-01 5.0714955244e-01 4.7489631615e-01 4.8821433700e-01 4.4910005828e-01 4.9182991539e-01
5.8316319033e+00 4.5643428130e-01 4.8414149386e-01 4.9611777407e-01 4.9920543577e-01 4.7064084095e-01 4.8132767764e-01 4.4336126733e-01 4.8484938843e-01
6.0543047410e+00 4.5145229659e-01 4.7567623557e-01 4.8747175772e-01 4.9089694355e-01 4.6308496041e-01 4.7481337076e-01 4.3748177050e-01 4.7755716514e-01
6.2854800345e+00 4.4481902771e-01 4.6988954626e-01 4.7961770924e-01 4.8282377338e-01 4.5743345143e-01 4.6728760025e-01 4.3313295362e-01 4.7168954274e-01
6.5254824385e+00 4.4110360195e-01 4.6188034290e-01 4.7081116823e-01 4.7535919995e-01 4.5176550527e-01 4.5963231320e-01 4.2866718070e-01 4.6548371462e-01
6.7746490039e+00 4.3547170217e-01 4.5450962070e-01 4.6353204223e-01 4.6801707266e-01 4.4567803623e-01 4.5309345025e-01 4.2380641916e-01 4.5948310440e-01
7.0333296516e+00 4.2823568932e-01 4.4772771271e-01 4.5688950036e-01 4.6003381431e-01 4.3716353725e-01 4.4582279085e-01 4.1749700307e-01 4.5171175245e-01
7.3018876638e+00 4.2386745553e-01 4.4051517198e-01 4.5022567846e-01 4.5276889964e-01 4.3166660191e-01 4.4007169052e-01 4.1318953489e-01 4.4472668386e-01
7.5807001941e+00 4.1520601905e-01 4.3494509626e-01 4.4149573913e-01 4.4525391964e-01 4.2389232949e-01 4.3179584675e-01 4.0852597177e-01 4.3901081447e-01
7.8701587971e+00 4.1033119796e-01 4.2674598269e-01 4.3400697850e-01 4.3791558550e-01 4.1798210427e-01 4.2519366360e-01 4.0474033266e-01 4.3392559220e-01
8.1706699785e+00 4.0577041844e-01 4.2072143123e-01 4.2727755806e-01 4.3052771236e-01 4.1138623011e-01 4.2025658938e-01 3.9969504346e-01 4.2955527538e-01
8.4826557657e+00 3.9874713510e-01 4.1450190708e-01 4.2244277972e-01 4.2361564878e-01 4.1006241978e-01 4.1533181357e-01 3.9146214814e-01 4.2407856745e-01
8.8065543008e+00 3.9253372047e-01 4.0869507484e-01 4.1547607882e-01 4.1668674050e-01 4.0350833192e-01 4.0613178116e-01 3.8359193551e-01 4.1809746554e-01
9.1428204556e+00 3.8704673462e-01 4.0192318567e-01 4.1011756349e-01 4.0936008706e-01 3.9739142956e-01 3.9997928979e-01 3.8172906442e-01 4.1417018893e-01
9.4919264707e+00 3.8174319168e-01 3.9694479286e-01 4.0291005597e-01 4.0360770592e-01 3.9346427074e-01 3.9501172116e-01 3.7503242025e-01 4.0922873433e-01
9.8543626185e+00 3.7775558200e-01 3.8934035442e-01 3.9706985313e-01 3.9678759455e-01 3.8595054483e-01 3.8905394042e-01 3.7390746091e-01 4.0561387920e-01
1.0230637892e+01 3.7277506871e-01 3.8184709431e-01 3.9148373312e-01 3.9131567195e-01 3.8026438347e-01 3.8407713302e-01 3.6950446093e-01 3.9943057331e-01
1.0621280718e+01 3.6656254924e-01 3.7888160280e-01 3.8666973859e-01 3.8590939014e-01 3.7945182881e-01 3.7929047067e-01 3.6652175533e-01 3.9113405391e-01
1.1026839704e+01 3.6136566727e-01 3.7461313781e-01 3.7956912253e-01 3.7990166872e-01 3.7113865810e-01 3.7310150316e-01 3.6352680958e-01 3.8614727285e-01
1.1447884401e+01 3.5642124611e-01 3.6961801371e-01 3.7365621550e-01 3.7467076207e-01 3.6827268673e-01 3.6834832611e-01 3.5603272233e-01 3.7824072120e-01
1.1885006110e+01 3.5028923733e-01 3.6525042878e-01 3.6850305021e-01 3.6835664178e-01 3.6355024144e-01 3.6257076587e-01 3.5393065186e-01 3.7292422773e-01
1.2338818710e+01 3.4961099940e-01 3.5926160615e-01 3.6278294611e-01 3.6301449078e-01 3.6061015735e-01 3.5831763696e-01 3.5460370599e-01 3.6747168405e-01
1.2809959520e+01 3.4463857962e-01 3.5577753502e-01 3.5762842349e-01 3.5832180502e-01 3.5380918073e-01 3.5350770682e-01 3.4984933743e-01 3.6416738831e-01
1.3299090193e+01 3.4144349772e-01 3.5226138098e-01 3.5286765040e-01 3.5354998752e-01 3.4899145847e-01 3.4782483588e-01 3.4524752710e-01 3.5845457995e-01
1.3806897647e+01 3.3916986306e-01 3.4597191891e-01 3.4905755677e-01 3.4906963011e-01 3.4335396968e-01 3.4433292951e-01 3.4100109094e-01 3.5388237999e-01
1.4334095030e+01 3.3163401803e-01 3.4127805958e-01 3.4488111018e-01 3.4506821140e-01 3.4200933540e-01 3.3950260765e-01 3.3783502395e-01 3.5361549544e-01
1.4881422720e+01 3.3165036539e-01 3.3505714251e-01 3.4143317531e-01 3.4130716277e-01 3.3807568721e-01 3.3631588558e-01 3.3377017520e-01 3.5186605396e-01
1.5449649364e+01 3.2960049948e-01 3.3161507285e-01 3.3852807901e-01 3.3694150897e-01 3.3465634106e-01 3.3273215329e-01 3.3239627509e-01 3.4909320881e-01
1.6039572960e+01 3.2475214498e-01 3.2918735863e-01 3.3400034664e-01 3.3259872151e-01 3.3104160757e-01 3.2754092981e-01 3.2831352532e-01 3.4470237988e-01
1.6652021977e+01 3.2200214103e-01 3.2746674023e-01 3.3092884782e-01 3.3072102543e-01 3.2956589274e-01 3.2440975821e-01 3.2570874030e-01 3.4257099663e-01
1.7287856517e+01 3.1784534944e-01 3.2323853079e-01 3.2737906727e-01 3.2719836636e-01 3.2664194373e-01 3.2207061596e-01 3.2274823037e-01 3.3755668568e-01
1.7947969523e+01 3.1549692457e-01 3.2025150534e-01 3.2382278676e-01 3.2378972035e-01 3.2412116767e-01 3.2032731143e-01 3.2010666184e-01 3.3392433897e-01
1.8633288037e+01 3.1257434319e-01 3.1710639309e-01 3.2150647870e-01 3.2043480830e-01 3.2074364393e-01 3.1760040752e-01 3.1618766804e-01 3.3212440055e-01
1.9344774494e+01 3.1124759533e-01 3.1399989430e-01 3.1978960591e-01 3.1759637393e-01 3.1617432107e-01 3.1455485183e-01 3.1482209666e-01 3.2851906246e-01
2.0083428082e+01 3.1091999494e-01 3.1216596163e-01 3.1724683525e-01 3.1483249886e-01 3.1575386883e-01 3.1250920306e-01 3.1344027233e-01 3.2581627321e-01
2.0850286141e+01 3.0836785214e-01 3.1011272079e-01 3.1406204099e-01 3.1217109330e-01 3.1315738415e-01 3.1093508356e-01 3.1262407423e-01 3.2514672603e-01
2.1646425620e+01 3.0723287102e-01 3.0862825083e-01 3.1196146671e-01 3.1040551774e-01 3.1285282859e-01 3.0752005552e-01 3.1389237629e-01 3.1988658388e-01
2.2472964588e+01 3.0523454141e-01 3.0846699692e-01 3.0990026889e-01 3.0862060077e-01 3.1201967178e-01 3.0664257939e-01 3.1189382527e-01 3.2016077911e-01
2.3331063810e+01 3.0393655438e-01 3.0558369156e-01 3.0879880737e-01 3.0644980911e-01 3.0905720156e-01 3.0648056272e-01 3.1011898053e-01 3.1729230973e-01
2.4221928369e+01 3.0401819421e-01 3.0447847141e-01 3.0635540211e-01 3.0440462976e-01 3.0633922285e-01 3.0537603941e-01 3.1186019379e-01 3.1594818154e-01
2.5146809365e+01 3.0524308469e-01 3.0472737589e-01 3.0580384187e-01 3.0344964294e-01 3.0539390869e-01 3.0404054183e-01 3.1155587446e-01 3.1081134014e-01
2.6107005669e+01 3.0176263351e-01 3.0309725251e-01 3.0397034001e-01 3.0222673117e-01 3.0550841710e-01 3.0315631914e-01 3.0951431562e-01 3.0979270366e-01
2.7103865748e+01 3.0217068584e-01 3.0070868808e-01 3.0365761643e-01 3.0046164582e-01 3.0626792977e-01 3.0215183067e-01 3.0839682259e-01 3.0806911510e-01
2.8138789556e+01 2.9804899016e-01 3.0128904994e-01 3.0202959134e-01 2.9960735766e-01 3.0451566420e-01 3.0301917076e-01 3.0626503181e-01 3.0693816499e-01
2.9213230506e+01 2.9780854947e-01 2.9995539383e-01 3.0138775674e-01 2.9875950087e-01 3.0516059738e-01 3.0070845834e-01 3.0582921773e-01 3.0714713283e-01
3.0328697504e+01 2.9671742198e-01 3.0042332020e-01 3.0028542327e-01 2.9802120313e-01 3.0243228663e-01 2.9906934032e-01 3.0473645229e-01 3.0673694776e-01
3.1486757075e+01 2.9760497596e-01 3.0093539751e-01 2.9979709057e-01 2.9616890345e-01 3.0104642560e-01 2.9795755248e-01 3.0450805212e-01 3.0637373861e-01
3.2689035556e+01 2.9559769005e-01 2.9824959420e-01 2.9975914670e-01 2.9566646285e-01 3.0094276854e-01 2.9885173939e-01 3.0157682153e-01 3.0550010932e-01
3.3937221386e+01 2.9292345280e-01 2.9827556322e-01 3.0001586340e-01 2.9496716025e-01 2.9826771181e-01 2.9972273186e-01 3.0030457394e-01 3.0623893771e-01
3.5233067474e+01 2.9251608356e-01 2.9885550770e-01 2.9896059664e-01 2.9419542514e-01 3.0024183500e-01 2.9918742445e-01 3.0298480581e-01 3.0327189356e-01
3.6578393662e+01 2.9216531814e-01 2.9981369052e-01 2.9869981819e-01 2.9476972459e-01 2.9989696665e-01 2.9788413874e-01 3.0136088806e-01 3.0249745489e-01
3.7975089278e+01 2.9167415524e-01 2.9723016392e-01 2.9878548653e-01 2.9479099305e-01 2.9697941649e-01 2.9584166962e-01 3.0213093049e-01 3.0521961405e-01
3.9425115794e+01 2.9579161021e-01 2.9577502112e-01 2.9957498544e-01 2.9436175635e-01 3.0009348704e-01 2.9617166981e-01 3.0199457505e-01 3.0396353087e-01
4.0930509577e+01 2.9155780000e-01 2.9355462684e-01 2.9905019803e-01 2.9411982284e-01 3.0005650914e-01 2.9697533236e-01 3.0192314419e-01 3.0438825554e-01
4.2493384749e+01 2.9247398788e-01 2.9320966430e-01 2.9694298116e-01 2.9492726920e-01 2.9748564880e-01 2.9663802647e-01 3.0210246501e-01 3.0403958206e-01
4.4115936159e+01 2.9325087995e-01 2.9388907018e-01 2.9693830422e-01 2.9519770005e-01 2.9973522451e-01 2.9580126512e-01 3.0161757942e-01 3.0376216405e-01
4.5800442461e+01 2.9532159607e-01 2.9475249719e-01 2.9612686119e-01 2.9584387428e-01 3.0007919108e-01 2.9479787854e-01 2.9854279536e-01 3.0538754850e-01
4.7549269318e+01 2.9228489583e-01 2.9522093599e-01 2.9585752888e-01 2.9530042990e-01 2.9746874619e-01 2.9366397572e-01 2.9723288317e-01 3.0822751154e-01
4.9364872721e+01 2.9087319840e-01 2.9516118742e-01 2.9548138651e-01 2.9525208807e-01 2.9891583862e-01 2.9565866029e-01 2.9980761279e-01 3.0434058720e-01
5.1249802441e+01 2.9315211357e-01 2.9639154417e-01 2.9606247667e-01 2.9466692667e-01 2.9806824734e-01 2.9516820827e-01 2.9916991735e-01 3.0778574331e-01
5.3206705608e+01 2.9120126667e-01 2.9497105429e-01 2.9621390338e-01 2.9525992220e-01 3.0044153463e-01 2.9532823349e-01 2.9805232450e-01 3.0622811818e-01
5.5238330429e+01 2.9537699569e-01 2.9532848245e-01 2.9603517884e-01 2.9480590467e-01 2.9946331808e-01 2.9378320333e-01 2.9740083484e-01 3.0721839861e-01
5.7347530048e+01 2.9524388412e-01 2.9566916660e-01 2.9537926411e-01 2.9528937252e-01 2.9858201165e-01 2.9619447256e-01 2.9733554665e-01 3.0466140395e-01
5.9537266551e+01 2.9641106675e-01 2.9602487624e-01 2.9539200896e-01 2.9550924483e-01 2.9834384859e-01 2.9819631468e-01 2.9838177457e-01 3.0774269738e-01
6.1810615128e+01 2.9695883151e-01 2.9619076573e-01 2.9650079123e-01 2.9580039270e-01 2.9896674632e-01 2.9756016966e-01 2.9782449103e-01 3.0559944372e-01
6.4170768392e+01 2.9652572507e-01 2.9569932212e-01 2.9638039954e-01 2.9483007330e-01 2.9852147997e-01 2.9658597948e-01 2.9662496900e-01 3.0629043424e-01
6.6621040860e+01 2.9714923428e-01 2.9479815971e-01 2.9506391779e-01 2.9470771220e-01 2.9569970764e-01 2.9450239538e-01 3.0111490038e-01 3.0633682891e-01
6.9164873610e+01 2.9612518813e-01 2.9602177805e-01 2.9508671494e-01 2.9352684446e-01 2.9564497174e-01 2.9229717882e-01 3.0104701175e-01 3.0475315603e-01
7.1805839111e+01 2.9352136199e-01 2.9476671050e-01 2.9376565317e-01 2.9287039904e-01 2.9632648179e-01 2.9087692505e-01 2.9936189996e-01 3.0211785995e-01
7.4547646246e+01 2.9340522283e-01 2.9660970664e-01 2.9410064930e-01 2.9342701070e-01 2.9643156450e-01 2.9281729803e-01 3.0152269764e-01 3.0015448761e-01
7.7394145512e+01 2.9593449259e-01 2.9514632279e-01 2.9450742912e-01 2.9220675479e-01 2.9479683304e-01 2.9379695672e-01 3.0134945980e-01 3.0248836143e-01
8.0349334435e+01 2.9789860403e-01 2.9527352657e-01 2.9453989149e-01 2.9282040928e-01 2.9706767324e-01 2.9353733840e-01 2.9826649203e-01 2.9880939494e-01
8.3417363179e+01 2.9200462456e-01 2.9382682463e-01 2.9375586703e-01 2.9273882730e-01 2.9504307417e-01 2.9288993611e-01 3.0168081204e-01 3.0289645887e-01
8.6602540378e+01 2.8989506444e-01 2.9518710888e-01 2.9451879122e-01 2.9213676990e-01 2.9508979750e-01 2.9368644147e-01 2.9956080982e-01 3.0164276774e-01
8.9909339185e+01 2.8960191286e-01 2.9583456773e-01 2.9429240773e-01 2.9095220642e-01 2.9814001389e-01 2.9258231440e-01 3.0132598682e-01 3.0307023468e-01
9.3342403553e+01 2.8994177780e-01 2.9617531763e-01 2.9392710427e-01 2.9173600695e-01 2.9464778491e-01 2.9324738294e-01 3.0404500294e-01 3.0388166656e-01
9.6906554758e+01 2.8805552214e-01 2.9443231661e-01 2.9377490886e-01 2.9143990385e-01 2.9722868890e-01 2.9299215281e-01 3.0318639215e-01 3.0314662277e-01
1.0060679817e+02 2.9093523598e-01 2.9323272920e-01 2.9354746554e-01 2.9208113154e-01 2.9520003186e-01 2.9279659466e-01 2.9577384512e-01 3.0221036595e-01
1.0444833029e+02 2.9189477821e-01 2.9359982366e-01 2.9339529733e-01 2.9158443114e-01 2.9623821105e-01 2.9224306755e-01 2.9722601618e-01 3.0350913039e-01
1.0843654602e+02 2.9100511667e-01 2.9381613321e-01 2.9401925054e-01 2.9225234301e-01 2.9739191129e-01 2.9343422778e-01 3.0030754267e-01 3.0205259326e-01
1.1257704628e+02 2.9032764549e-01 2.9313685284e-01 2.9286390987e-01 2.9213962839e-01 2.9426188217e-01 2.9398929486e-01 2.9760778865e-01 3.0246300140e-01
1.1687564584e+02 2.8879090426e-01 2.9329630792e-01 2.9448982305e-01 2.9284707120e-01 3.0097805588e-01 2.9604729763e-01 2.9655484288e-01 2.9952363773e-01
1.2133838151e+02 2.8919968486e-01 2.9309360290e-01 2.9467367897e-01 2.9144240986e-01 2.9677105165e-01 2.9348797692e-01 2.9525156640e-01 3.0265176986e-01
1.2597152060e+02 2.9315149249e-01 2.9461564715e-01 2.9296343388e-01 2.9186323043e-01 2.9845469390e-01 2.9315298480e-01 2.9897456333e-01 3.0082469102e-01
1.3078156973e+02 2.9651601908e-01 2.9470640253e-01 2.9288017411e-01 2.9172847874e-01 2.9606113599e-01 2.9216222709e-01 3.0034782840e-01 3.0431193064e-01
1.3577528397e+02 2.9172981009e-01 2.9400982212e-01 2.9256763564e-01 2.9001386136e-01 2.9878963616e-01 2.9450906128e-01 3.0068681138e-01 3.0432317201e-01
1.4095967631e+02 2.9440046643e-01 2.9290956276e-01 2.9122935730e-01 2.9006314715e-01 2.9519041801e-01 2.8995324606e-01 3.0014848316e-01 3.0575547888e-01
1.4634202754e+02 2.9144979016e-01 2.9244355288e-01 2.9220745847e-01 2.8998196057e-01 2.9561615956e-01 2.9076929748e-01 2.9514065025e-01 3.0459463537e-01
1.5192989644e+02 2.9506891974e-01 2.9207636646e-01 2.9249822246e-01 2.8925179882e-01 2.9616875198e-01 2.9284529175e-01 2.9324449281e-01 3.0463387139e-01
1.5773113042e+02 2.9252776240e-01 2.9099515809e-01 2.9287131606e-01 2.9036439146e-01 2.9419778110e-01 2.8785715091e-01 2.9955094036e-01 3.0460959129e-01
1.6375387654e+02 2.9076706892e-01 2.9300691566e-01 2.9276906887e-01 2.9065648060e-01 2.9302703197e-01 2.9069465887e-01 2.9365077180e-01 3.0445046075e-01
1.7000659292e+02 2.9224795274e-01 2.9130774712e-01 2.9276017384e-01 2.9076289823e-01 2.9519021596e-01 2.9206915655e-01 2.9659398350e-01 3.0456918798e-01
1.7649806068e+02 2.9000496096e-01 2.8917959124e-01 2.9275317906e-01 2.8940655260e-01 2.9845776173e-01 2.9108530892e-01 3.0013609557e-01 3.0451190706e-01
1.8323739620e+02 2.8886720990e-01 2.9073786048e-01 2.9086128450e-01 2.8920613339e-01 2.9294586923e-01 2.9201202721e-01 2.9859675336e-01 3.0294090388e-01
1.9023406397e+02 2.9086541556e-01 2.9096557703e-01 2.9253847842e-01 2.8893168458e-01 2.9263805656e-01 2.9058398656e-01 2.9316974249e-01 3.0155440246e-01
1.9749788987e+02 2.8956289470e-01 2.9051736740e-01 2.9137505850e-01 2.8834584372e-01 2.9005350060e-01 2.8993826594e-01 3.0078339276e-01 3.0068155525e-01
2.0503907496e+02 2.8948293067e-01 2.8969418411e-01 2.8989762824e-01 2.8772572373e-01 2.9122810200e-01 2.8913303855e-01 2.9800269353e-01 3.0234933509e-01
2.1286820983e+02 2.9096941137e-01 2.9240703710e-01 2.9024654635e-01 2.8761043180e-01 2.9094213858e-01 2.8803304160e-01 2.9716880389e-01 2.9860918768e-01
2.2099628943e+02 2.9000069154e-01 2.8994716992e-01 2.8967147481e-01 2.8778144495e-01 2.9360250402e-01 2.8933817300e-01 2.9673682061e-01 3.0119598591e-01
2.2943472857e+02 2.8985582256e-01 2.8970207405e-01 2.8842328388e-01 2.8788782555e-01 2.9364736806e-01 2.9099259454e-01 2.9742449909e-01 3.0010465189e-01
2.3819537789e+02 2.9103927649e-01 2.9124885170e-01 2.8902540664e-01 2.8780242016e-01 2.8900507834e-01 2.9028183061e-01 2.9811186087e-01 2.9966660685e-01
2.4729054055e+02 2.8735277606e-01 2.9261092919e-01 2.9036140026e-01 2.8758398345e-01 2.9229826963e-01 2.8994965090e-01 2.9657574665e-01 2.9803435653e-01
2.5673298948e+02 2.8664259288e-01 2.9004474851e-01 2.8934934136e-01 2.8694658989e-01 2.9402340832e-01 2.8717489062e-01 2.9621624671e-01 2.9808130332e-01
2.6653598532e+02 2.9077874407e-01 2.8915160520e-01 2.8853014109e-01 2.8734516298e-01 2.9204540822e-01 2.8535411099e-01 2.9693167204e-01 2.9978716815e-01
2.7671329506e+02 2.8968192650e-01 2.8703380483e-01 2.8707287763e-01 2.8623520942e-01 2.9255155892e-01 2.8995503280e-01 3.0090138243e-01 2.9850585237e-01
2.8727921137e+02 2.8739611449e-01 2.8933386990e-01 2.8745992024e-01 2.8564854325e-01 2.9149546588e-01 2.8721154372e-01 2.9842220419e-01 2.9832431563e-01
2.9824857266e+02 2.8614635542e-01 2.8790148746e-01 2.8776822230e-01 2.8600866556e-01 2.8835199150e-01 2.8791560500e-01 2.9435754605e-01 2.9536091304e-01
3.0963678390e+02 2.8766227861e-01 2.8914178183e-01 2.8680729589e-01 2.8419433353e-01 2.8728461112e-01 2.8613267746e-01 2.9370722003e-01 2.9752592422e-01
3.2145983832e+02 2.8545603753e-01 2.8877589839e-01 2.8746200503e-01 2.8396232890e-01 2.9122625779e-01 2.8352531155e-01 2.9152737146e-01 2.9583196863e-01
3.3373433979e+02 2.9232394485e-01 2.8684755741e-01 2.8624282889e-01 2.8318279214e-01 2.9178925481e-01 2.8704204966e-01 2.9166454838e-01 2.9751943883e-01
3.4647752621e+02 2.8674890093e-01 2.8640878979e-01 2.8624575848e-01 2.8201281068e-01 2.8777909198e-01 2.8656554942e-01 2.9312601430e-01 2.9618289803e-01
3.5970729367e+02 2.8972146729e-01 2.8593785426e-01 2.8570935580e-01 2.8188368315e-01 2.9088809816e-01 2.8251625336e-01 2.9264813461e-01 2.9738285977e-01
3.7344222158e+02 2.8739699500e-01 2.8618644540e-01 2.8426769598e-01 2.8212527832e-01 2.9274794301e-01 2.8224009803e-01 2.9470732478e-01 2.9430104777e-01
3.8770159882e+02 2.8351352387e-01 2.8450949129e-01 2.8603540358e-01 2.8096705864e-01 2.9041249935e-01 2.8341166091e-01 2.9378154700e-01 2.9589843817e-01
4.0250545074e+02 2.9027221536e-01 2.8596241651e-01 2.8483405105e-01 2.8168523526e-01 2.9064977012e-01 2.8426227030e-01 2.9073781200e-01 2.9556004291e-01
4.1787456738e+02 2.8992051576e-01 2.8445589053e-01 2.8312912076e-01 2.8080252220e-01 2.8951483532e-01 2.8197213625e-01 2.9758015937e-01 2.9799769876e-01
4.3383053258e+02 2.9025782606e-01 2.8351719584e-01 2.8364179140e-01 2.7923038431e-01 2.9087188046e-01 2.8298005041e-01 2.9111973854e-01 2.9513110616e-01
4.5039575436e+02 2.9075821828e-01 2.8651423207e-01 2.8309687873e-01 2.8007116532e-01 2.8329683479e-01 2.7892088082e-01 2.8845000569e-01 2.9516677403e-01
4.6759349632e+02 2.8738270385e-01 2.8494363843e-01 2.8051439867e-01 2.7797965444e-01 2.8810472344e-01 2.8047889498e-01 2.8409385343e-01 2.9475381955e-01
4.8544791039e+02 2.8916223714e-01 2.8277317242e-01 2.8073852841e-01 2.7689761362e-01 2.8773802717e-01 2.7979537807e-01 2.9101461853e-01 2.9414060052e-01
5.0398407069e+02 2.8915082366e-01 2.8207839526e-01 2.7947655178e-01 2.7606760595e-01 2.8426363361e-01 2.7917267744e-01 2.8777687732e-01 2.9403179744e-01
5.2322800876e+02 2.8637614357e-01 2.8109454409e-01 2.8037124272e-01 2.7665289491e-01 2.8546133812e-01 2.7748872542e-01 2.8527739142e-01 2.8792494958e-01
5.4320675011e+02 2.8645002914e-01 2.8150309820e-01 2.7929254895e-01 2.7661613334e-01 2.8659484269e-01 2.7904789847e-01 2.8866341875e-01 2.8971164643e-01
5.6394835221e+02 2.8898249477e-01 2.8040906876e-01 2.7725416425e-01 2.7533635392e-01 2.8232097365e-01 2.7954502903e-01 2.8598652506e-01 2.9093407961e-01
5.8548194383e+02 2.8803877367e-01 2.8032202350e-01 2.7738280018e-01 2.7457550907e-01 2.8661618319e-01 2.7645196380e-01 2.8686992561e-01 2.8844475697e-01
6.0783776601e+02 2.8916775539e-01 2.8007949380e-01 2.7716804733e-01 2.7404027334e-01 2.8262130926e-01 2.7666713431e-01 2.8699748638e-01 2.8978923830e-01
6.3104721450e+02 2.8696760971e-01 2.7993631174e-01 2.7578866746e-01 2.7228938106e-01 2.8103216429e-01 2.7454373354e-01 2.8782069690e-01 2.9161130648e-01
6.5514288382e+02 2.9050891532e-01 2.7845634951e-01 2.7523935761e-01 2.7344245726e-01 2.8122739218e-01 2.7435325595e-01 2.8894116019e-01 2.8976506029e-01
6.8015861312e+02 2.8350357214e-01 2.7917372250e-01 2.7358751825e-01 2.7063526958e-01 2.8047486165e-01 2.7319592722e-01 2.8135285103e-01 2.8788301962e-01
7.0612953360e+02 2.8491200858e-01 2.7868741164e-01 2.7266003122e-01 2.6992881437e-01 2.8230238561e-01 2.7539107642e-01 2.8716884210e-01 2.8521785196e-01
7.3309211794e+02 2.8480867090e-01 2.7865645169e-01 2.7343883137e-01 2.6851395473e-01 2.8177160679e-01 2.6983678798e-01 2.8582977230e-01 2.8763775553e-01
7.6108423145e+02 2.8772582541e-01 2.7861916175e-01 2.7302781424e-01 2.6804991937e-01 2.7913841416e-01 2.7186405497e-01 2.7970772163e-01 2.8189259632e-01
7.9014518529e+02 2.8573374317e-01 2.7689055639e-01 2.7162314263e-01 2.6818977055e-01 2.7588661876e-01 2.7051642619e-01 2.8215748392e-01 2.8489599953e-01
8.2031579166e+02 2.8416312017e-01 2.7544486284e-01 2.6946447714e-01 2.6660580372e-01 2.7488766851e-01 2.7021541806e-01 2.8367623308e-01 2.8189414922e-01
8.5163842110e+02 2.8268260927e-01 2.7525200966e-01 2.6910517438e-01 2.6509702760e-01 2.7312278787e-01 2.6801933476e-01 2.8127380498e-01 2.8310427536e-01
8.8415706203e+02 2.8391947757e-01 2.7127783077e-01 2.6771349499e-01 2.6311393317e-01 2.7473953072e-01 2.6746536090e-01 2.8152687159e-01 2.8035629637e-01
9.1791738251e+02 2.8679815597e-01 2.7419415619e-01 2.6640131001e-01 2.6328504116e-01 2.7340959824e-01 2.6875291516e-01 2.7926899923e-01 2.7869809686e-01
9.5296679436e+02 2.8537099413e-01 2.7057655972e-01 2.6537349750e-01 2.6028664764e-01 2.7106237367e-01 2.6622787889e-01 2.7826491545e-01 2.7878266527e-01
9.8935451976e+02 2.8568661177e-01 2.7158099563e-01 2.6621228194e-01 2.6150655230e-01 2.7429559553e-01 2.6401832190e-01 2.8067744550e-01 2.7915542297e-01
1.0271316604e+03 2.8356872786e-01 2.7117976328e-01 2.6282022912e-01 2.5867780547e-01 2.7010619219e-01 2.6214338655e-01 2.8419582175e-01 2.7540152519e-01
1.0663512691e+03 2.8778453763e-01 2.6798024213e-01 2.6110014705e-01 2.5786486324e-01 2.7092319274e-01 2.6223043298e-01 2.7811889921e-01 2.7617405239e-01
1.1070684246e+03 2.8471812572e-01 2.6953481957e-01 2.5933050063e-01 2.5670656665e-01 2.6716048897e-01 2.6108166670e-01 2.7293064065e-01 2.7437039212e-01
1.1493403087e+03 2.8339177488e-01 2.6769966499e-01 2.5989525004e-01 2.5419731547e-01 2.6900908568e-01 2.6085531228e-01 2.7562151333e-01 2.7303495435e-01
1.1932262864e+03 2.8455202655e-01 2.6698630645e-01 2.5791174029e-01 2.5319106343e-01 2.6574945728e-01 2.5576720618e-01 2.7346725912e-01 2.7252312322e-01
1.2387879898e+03 2.8547314187e-01 2.6580584496e-01 2.5648065614e-01 2.5222508848e-01 2.6666649926e-01 2.5626653902e-01 2.7194686213e-01 2.6890066420e-01
1.2860894042e+03 2.8571203324e-01 2.6591316572e-01 2.5650190102e-01 2.5024317381e-01 2.6656657388e-01 2.5540819600e-01 2.7230601464e-01 2.7172908170e-01
1.3351969579e+03 2.8282152915e-01 2.6586065482e-01 2.5475355728e-01 2.4946971901e-01 2.6366192402e-01 2.5272870919e-01 2.7647782594e-01 2.6976203908e-01
1.3861796160e+03 2.8507666294e-01 2.6425118214e-01 2.5328233733e-01 2.4762456740e-01 2.6143649484e-01 2.5167321394e-01 2.7115831818e-01 2.6862899460e-01
1.4391089768e+03 2.8499638394e-01 2.6479008641e-01 2.5222386621e-01 2.4600714278e-01 2.6502496556e-01 2.5123059190e-01 2.6814293369e-01 2.6578784994e-01
1.4940593723e+03 2.8026149437e-01 2.6253696462e-01 2.5285847567e-01 2.4349059415e-01 2.6080526920e-01 2.4757571997e-01 2.7087700977e-01 2.6287134871e-01
1.5511079730e+03 2.8379598613e-01 2.6169736994e-01 2.4898395632e-01 2.4250607666e-01 2.6312167598e-01 2.4903898256e-01 2.6571057702e-01 2.6486214981e-01
1.6103348961e+03 2.8379802916e-01 2.6000697517e-01 2.4740036658e-01 2.4204775646e-01 2.5275922391e-01 2.4501555012e-01 2.6923613789e-01 2.6123262969e-01
1.6718233177e+03 2.8577762309e-01 2.5830356774e-01 2.4583960635e-01 2.3867140259e-01 2.5789100004e-01 2.4336280730e-01 2.7069464477e-01 2.6060130833e-01
1.7356595900e+03 2.8282102766e-01 2.5907188089e-01 2.4369358387e-01 2.3707992883e-01 2.5270643456e-01 2.4308245678e-01 2.6530672394e-01 2.5462204584e-01
1.8019333625e+03 2.7980595849e-01 2.5830672834e-01 2.4354540044e-01 2.3558417745e-01 2.5232642379e-01 2.4043575590e-01 2.6821636181e-01 2.5487961222e-01
1.8707377078e+03 2.8310980802e-01 2.5716391508e-01 2.4083754925e-01 2.3417616884e-01 2.5168585689e-01 2.4016252726e-01 2.6272988801e-01 2.5792987133e-01
1.9421692523e+03 2.8379031680e-01 2.5662464787e-01 2.3862174521e-01 2.3179567724e-01 2.5033078892e-01 2.3754170018e-01 2.6283224393e-01 2.5324900753e-01
2.0163283121e+03 2.8118061744e-01 2.5563069540e-01 2.3824927476e-01 2.2968303914e-01 2.4959595685e-01 2.3498320522e-01 2.6101344116e-01 2.5415390703e-01
2.0933190335e+03 2.8238507912e-01 2.5365438694e-01 2.3493086775e-01 2.2835021010e-01 2.4120475674e-01 2.3388218218e-01 2.5962589815e-01 2.5030198544e-01
2.1732495396e+03 2.8675897585e-01 2.5519258742e-01 2.3312734240e-01 2.2677776383e-01 2.4670975038e-01 2.3098500816e-01 2.5796609171e-01 2.5041761855e-01
2.2562320820e+03 2.8273057673e-01 2.5313737181e-01 2.3133503405e-01 2.2329790024e-01 2.4160072649e-01 2.2863940135e-01 2.6134293590e-01 2.4881435680e-01
2.3423831986e+03 2.8152537067e-01 2.5123928837e-01 2.2997196006e-01 2.2186495189e-01 2.4031796334e-01 2.2529698210e-01 2.5669706855e-01 2.4533919133e-01
2.4318238771e+03 2.8211506714e-01 2.4952015866e-01 2.2773543783e-01 2.1986263619e-01 2.3848757221e-01 2.2442179986e-01 2.5124030481e-01 2.4312999022e-01
2.5246797247e+03 2.8302014881e-01 2.5186450444e-01 2.2623972706e-01 2.1668401367e-01 2.3803598072e-01 2.2202466822e-01 2.5387501063e-01 2.4063337864e-01
2.6210811451e+03 2.8317563534e-01 2.4876498328e-01 2.2416101968e-01 2.1541081334e-01 2.3526683658e-01 2.2094277314e-01 2.4799162676e-01 2.3737971297e-01
2.7211635210e+03 2.8624919160e-01 2.4825048608e-01 2.2203704049e-01 2.1254746417e-01 2.3268651867e-01 2.1890664130e-01 2.4905157577e-01 2.3547437618e-01
2.8250674047e+03 2.8691249016e-01 2.4768718881e-01 2.1977645295e-01 2.1019149898e-01 2.2996234185e-01 2.1286071381e-01 2.4271271189e-01 2.3227727812e-01
2.9329387152e+03 2.8446666417e-01 2.4580328073e-01 2.1842661517e-01 2.0622697936e-01 2.3126509244e-01 2.1177284181e-01 2.4934668288e-01 2.3281976023e-01
3.0449289432e+03 2.8406336223e-01 2.4330953393e-01 2.1620637935e-01 2.0466887668e-01 2.2703949533e-01 2.0945069930e-01 2.4427742576e-01 2.2990993734e-01
3.1611953639e+03 2.8219741707e-01 2.4602787456e-01 2.1408625048e-01 2.0243591261e-01 2.2668686945e-01 2.0743980467e-01 2.4503090717e-01 2.2488415502e-01
3.2819012579e+03 2.8528150769e-01 2.4407321003e-01 2.1148945747e-01 1.9872624029e-01 2.2422262351e-01 2.0527105029e-01 2.4308170962e-01 2.2557173158e-01
3.4072161403e+03 2.8361669042e-01 2.4037424267e-01 2.1006330832e-01 1.9707527902e-01 2.2095628800e-01 2.0186391069e-01 2.3836962066e-01 2.2292251477e-01
3.5373159990e+03 2.8423002000e-01 2.4090323951e-01 2.0752447788e-01 1.9374182462e-01 2.2218468961e-01 2.0065976689e-01 2.3762163334e-01 2.2117367262e-01
3.6723835418e+03 2.8441263977e-01 2.3967415889e-01 2.0639731906e-01 1.9176032137e-01 2.1815599429e-01 1.9866588449e-01 2.3365564379e-01 2.1439840852e-01
3.8126084527e+03 2.8369230431e-01 2.3948401787e-01 2.0368566161e-01 1.8803961550e-01 2.1522574862e-01 1.9455825739e-01 2.3364685740e-01 2.1211375940e-01
3.9581876589e+03 2.8056250761e-01 2.3905537369e-01 2.0040768291e-01 1.8506788879e-01 2.1668498418e-01 1.9084552604e-01 2.3103737014e-01 2.1175020804e-01
4.1093256067e+03 2.8166428195e-01 2.3851418829e-01 1.9867119631e-01 1.8224478422e-01 2.1049247695e-01 1.8757367235e-01 2.2916556605e-01 2.0851568091e-01
4.2662345490e+03 2.8014997125e-01 2.3867194108e-01 1.9614336871e-01 1.8101707798e-01 2.0873477327e-01 1.8453149753e-01 2.2678023732e-01 2.0391495993e-01
4.4291348433e+03 2.8313420548e-01 2.3631656905e-01 1.9451063671e-01 1.7740459274e-01 2.0587904828e-01 1.8398222119e-01 2.2672242070e-01 2.0109945610e-01
4.5982552611e+03 2.8087486931e-01 2.3662436726e-01 1.9121156043e-01 1.7437418618e-01 2.0459973578e-01 1.7975279472e-01 2.2373526973e-01 2.0254202143e-01
4.7738333093e+03 2.8287924105e-01 2.3682813906e-01 1.8948539907e-01 1.7133312482e-01 2.0001649936e-01 1.7616281804e-01 2.1768245270e-01 1.9943863129e-01
4.9561155637e+03 2.8129369948e-01 2.3608242451e-01 1.8637588487e-01 1.6850130392e-01 2.0017168650e-01 1.7272782340e-01 2.2054756325e-01 1.9794010138e-01
5.1453580150e+03 2.8220613427e-01 2.3348809731e-01 1.8471109334e-01 1.6583692563e-01 1.9586738965e-01 1.7036771550e-01 2.1527574412e-01 1.9379575791e-01
5.3418264288e+03 2.8134488688e-01 2.3083981738e-01 1.8213025708e-01 1.6235929348e-01 1.9598852298e-01 1.6685862826e-01 2.1427538881e-01 1.8868619516e-01
5.5457967186e+03 2.8287249965e-01 2.3140195253e-01 1.7832978954e-01 1.5932823694e-01 1.9269021615e-01 1.6211809887e-01 2.1137820574e-01 1.8511864303e-01
5.7575553332e+03 2.8236611832e-01 2.2850978690e-01 1.7665472203e-01 1.5610462249e-01 1.8858300854e-01 1.5978202173e-01 2.1126299426e-01 1.8310998966e-01
5.9773996591e+03 2.8759109813e-01 2.3057932895e-01 1.7424666764e-01 1.5335666858e-01 1.8608064286e-01 1.5674325861e-01 2.0937071137e-01 1.7795500630e-01
6.2056384379e+03 2.8752630460e-01 2.2994945478e-01 1.7205648745e-01 1.5060175969e-01 1.8412647013e-01 1.5394495225e-01 2.0776848697e-01 1.7766812768e-01
6.4425922003e+03 2.8454639661e-01 2.3031402058e-01 1.6987697601e-01 1.4768506671e-01 1.8180667683e-01 1.4955508885e-01 2.0255234705e-01 1.7399624294e-01
6.6885937161e+03 2.8215583918e-01 2.2886533771e-01 1.6763212683e-01 1.4384682183e-01 1.7910985721e-01 1.4635125268e-01 1.9944527889e-01 1.7031086621e-01
6.9439884611e+03 2.8003681554e-01 2.2777460360e-01 1.6610234639e-01 1.4057619563e-01 1.7966908978e-01 1.4291322871e-01 2.0100064766e-01 1.6687827620e-01
7.2091351029e+03 2.8124747170e-01 2.2676924250e-01 1.6398878908e-01 1.3807657903e-01 1.7249965865e-01 1.4067902120e-01 1.9781820491e-01 1.6564760132e-01
7.4844060043e+03 2.8201695954e-01 2.2516631568e-01 1.6124287764e-01 1.3526079648e-01 1.6957256499e-01 1.3700573884e-01 1.9461764129e-01 1.6258221397e-01
7.7701877462e+03 2.8409819627e-01 2.2597520554e-01 1.5844217239e-01 1.3226636939e-01 1.6811334085e-01 1.3425769870e-01 1.9508598240e-01 1.5750299907e-01
8.0668816706e+03 2.8315756180e-01 2.2764321474e-01 1.5731861846e-01 1.2907927082e-01 1.6565370743e-01 1.3087958617e-01 1.8820485423e-01 1.5755081790e-01
8.3749044441e+03 2.8085241579e-01 2.2584359213e-01 1.5403188507e-01 1.2620259130e-01 1.6266827973e-01 1.2692275824e-01 1.8922523674e-01 1.5395494280e-01
8.6946886433e+03 2.7941209410e-01 2.2584457321e-01 1.5211798260e-01 1.2198906511e-01 1.6344415669e-01 1.2504668397e-01 1.8813601714e-01 1.4964811150e-01
9.0266833620e+03 2.8390717395e-01 2.2555088165e-01 1.4970133149e-01 1.1926300338e-01 1.5938508759e-01 1.2187207693e-01 1.8330960126e-01 1.5030043903e-01
9.3713548420e+03 2.8538897880e-01 2.2349315019e-01 1.4834271063e-01 1.1666157229e-01 1.5721793570e-01 1.1779656836e-01 1.8208388683e-01 1.4606319779e-01
9.7291871281e+03 2.8598555831e-01 2.2373054038e-01 1.4448335280e-01 1.1339332138e-01 1.5471376508e-01 1.1341245270e-01 1.7709531811e-01 1.4291829812e-01
1.0100682748e+04 2.8169411687e-01 2.2212194723e-01 1.4300598214e-01 1.1061758394e-01 1.5260170664e-01 1.1132634615e-01 1.7825438247e-01 1.4041993248e-01
1.0486363416e+04 2.8325504588e-01 2.2210311482e-01 1.4113991307e-01 1.0775191570e-01 1.5155356341e-01 1.0864333533e-01 1.7594433102e-01 1.3540859343e-01
1.0886770770e+04 2.8908827986e-01 2.2177793858e-01 1.3828972860e-01 1.0500052207e-01 1.4864732518e-01 1.0665241361e-01 1.7352302339e-01 1.3509089770e-01
1.1302467127e+04 2.8559856559e-01 2.2066058908e-01 1.3685303745e-01 1.0220510706e-01 1.4596228325e-01 1.0403866360e-01 1.7109714513e-01 1.3310851661e-01
1.1734036278e+04 2.8381323811e-01 2.2043728138e-01 1.3415881191e-01 9.9161877686e-02 1.4388466228e-01 9.9547161395e-02 1.7017570811e-01 1.3162111874e-01
1.2182084303e+04 2.7939389050e-01 2.2254299764e-01 1.3255746199e-01 9.6884900843e-02 1.4050602166e-01 9.7414526444e-02 1.6786483493e-01 1.3007530036e-01
1.2647240425e+04 2.8306023420e-01 2.1949398622e-01 1.3006116367e-01 9.3448799853e-02 1.3933340737e-01 9.4919518294e-02 1.6272477858e-01 1.2667310552e-01
1.3130157893e+04 2.8283805509e-01 2.1933003283e-01 1.2849001202e-01 9.1138317769e-02 1.3869606199e-01 9.2130496809e-02 1.6627337297e-01 1.2517712572e-01
1.3631514900e+04 2.8423265678e-01 2.2178332061e-01 1.2545376726e-01 8.9110049588e-02 1.3563999044e-01 8.9816087099e-02 1.6520739468e-01 1.1965329105e-01
1.4152015535e+04 2.8572801967e-01 2.1963296710e-01 1.2388612571e-01 8.6403485197e-02 1.3196289724e-01 8.7069215238e-02 1.6381091086e-01 1.2008366048e-01
1.4692390769e+04 2.8420802580e-01 2.1963818437e-01 1.2158833501e-01 8.3750811138e-02 1.2974782086e-01 8.5257865868e-02 1.6055729104e-01 1.1767528742e-01
1.5253399489e+04 2.8083487008e-01 2.2054394550e-01 1.2025607683e-01 8.1092642208e-02 1.2971793139e-01 8.3679882920e-02 1.5788383932e-01 1.1502029693e-01
1.5835829554e+04 2.8430970270e-01 2.2174783223e-01 1.1847554963e-01 7.8132570238e-02 1.2915693333e-01 8.0975843635e-02 1.5672908403e-01 1.1382723318e-01
1.6440498909e+04 2.8072451396e-01 2.2037637008e-01 1.1578461569e-01 7.6036455089e-02 1.2498412055e-01 7.8683549930e-02 1.5764349076e-01 1.1316231956e-01
1.7068256731e+04 2.8048393251e-01 2.1914809004e-01 1.1332890866e-01 7.4282810423e-02 1.2353414873e-01 7.7789894263e-02 1.5420026223e-01 1.1055110898e-01
1.7719984622e+04 2.8263252802e-01 2.1982573620e-01 1.1169995165e-01 7.1631298511e-02 1.2170501165e-01 7.5154196759e-02 1.5228092095e-01 1.0871965559e-01
1.8396597846e+04 2.8098650351e-01 2.1979102317e-01 1.0992546755e-01 6.9477574923e-02 1.1950135450e-01 7.3767113931e-02 1.5263932718e-01 1.0827831847e-01
1.9099046614e+04 2.8345989956e-01 2.2072956802e-01 1.0832115494e-01 6.7156840732e-02 1.1702976942e-01 7.1570676136e-02 1.5114640152e-01 1.0715514760e-01
1.9828317421e+04 2.8146718526e-01 2.1850003420e-01 1.0747187208e-01 6.5189096581e-02 1.1546969533e-01 6.9840066771e-02 1.5052500971e-01 1.0439870543e-01
2.0585434431e+04 2.8042829739e-01 2.2038685189e-01 1.0597248714e-01 6.3058645363e-02 1.1361849729e-01 6.9021924722e-02 1.5228515962e-01 1.0433217486e-01
2.1371460911e+04 2.8039494327e-01 2.1985656662e-01 1.0424477675e-01 6.1233752618e-02 1.1509038022e-01 6.7228959081e-02 1.4986554217e-01 1.0324009192e-01
2.2187500731e+04 2.7939978051e-01 2.1917059293e-01 1.0243023776e-01 5.9639654264e-02 1.1100083161e-01 6.5866917504e-02 1.4892471637e-01 1.0135576618e-01
2.3034699908e+04 2.8307038716e-01 2.2144409163e-01 1.0115006139e-01 5.7624409138e-02 1.1014755191e-01 6.4424487873e-02 1.4912452304e-01 1.0166392516e-01
2.3914248220e+04 2.7744265930e-01 2.1926984645e-01 9.9960516245e-02 5.5603015412e-02 1.0931105275e-01 6.4300007256e-02 1.4496295809e-01 1.0048020022e-01
2.4827380873e+04 2.8309630855e-01 2.1873323577e-01 9.8714261818e-02 5.3460236060e-02 1.0612331647e-01 6.1549637937e-02 1.4531278632e-01 9.9284290578e-02
2.5775380240e+04 2.8156486217e-01 2.1960660453e-01 9.6545671031e-02 5.1808328662e-02 1.0842869214e-01 6.0618383548e-02 1.4594887218e-01 9.8906541877e-02
2.6759577657e+04 2.8338789658e-01 2.1990353820e-01 9.6329279660e-02 5.0760316124e-02 1.0672255919e-01 6.0611780011e-02 1.4415761653e-01 9.7825968956e-02
2.7781355299e+04 2.8282357294e-01 2.1967420582e-01 9.4775215823e-02 4.8971623064e-02 1.0637021282e-01 5.9040217578e-02 1.4504287927e-01 9.9741435119e-02
2.8842148113e+04 2.8043008409e-01 2.1904522107e-01 9.3814157557e-02 4.7128692015e-02 1.0258035976e-01 5.8910775238e-02 1.4221551401e-01 9.9379400113e-02
2.9943445841e+04 2.7902379684e-01 2.1788345240e-01 9.2927897521e-02 4.5482095314e-02 1.0323562479e-01 5.8552317637e-02 1.4116728095e-01 9.7324448612e-02
