time_us curve_320 curve_640
0.0000000000e+00 9.6996918314e-01 9.7509745554e-01
5.0000000000e-02 9.6317036980e-01 9.6947432106e-01
5.1644755920e-02 9.6293362918e-01 9.6920641725e-01
5.3343616282e-02 9.6271446226e-01 9.6908019277e-01
5.5098360856e-02 9.6250661298e-01 9.6883809916e-01
5.6910827960e-02 9.6229545419e-01 9.6871898269e-01
5.8782916385e-02 9.6205193497e-01 9.6850149717e-01
6.0716587380e-02 9.6173473496e-01 9.6833202584e-01
6.2713866711e-02 9.6146661620e-01 9.6820571599e-01
6.4776846782e-02 9.6119935352e-01 9.6788602679e-01
6.6907688827e-02 9.6090063796e-01 9.6764666360e-01
6.9108625174e-02 9.6060625613e-01 9.6747489616e-01
7.1381961582e-02 9.6024350523e-01 9.6704413926e-01
7.3730079661e-02 9.5991584039e-01 9.6687432320e-01
7.6155439361e-02 9.5956106051e-01 9.6670673251e-01
7.8660581557e-02 9.5923348528e-01 9.6660535576e-01
8.1248130701e-02 9.5892834977e-01 9.6607983109e-01
8.3920797581e-02 9.5859580699e-01 9.6570925870e-01
8.6681382155e-02 9.5825663819e-01 9.6534350146e-01
8.9532776485e-02 9.5786781644e-01 9.6516815164e-01
9.2477967769e-02 9.5752365581e-01 9.6493546865e-01
9.5520041469e-02 9.5706785746e-01 9.6450030276e-01
9.8662184543e-02 9.5668599191e-01 9.6414847543e-01
1.0190768879e-01 9.5623821090e-01 9.6382989165e-01
1.0525995428e-01 9.5575065784e-01 9.6346583439e-01
1.0872249294e-01 9.5528488469e-01 9.6306582454e-01
1.1229893221e-01 9.5484243646e-01 9.6280378019e-01
1.1599301889e-01 9.5438115571e-01 9.6233568555e-01
1.1980862298e-01 9.5394092188e-01 9.6204552366e-01
1.2374974182e-01 9.5338255694e-01 9.6169018639e-01
1.2782050423e-01 9.5290194811e-01 9.6104949783e-01
1.3202517485e-01 9.5233260146e-01 9.6052565531e-01
1.3636815861e-01 9.5177642617e-01 9.6001692261e-01
1.4085400533e-01 9.5123538275e-01 9.5956799892e-01
1.4548741452e-01 9.5065113783e-01 9.5893068732e-01
1.5027324025e-01 9.5000767648e-01 9.5855677888e-01
1.5521649628e-01 9.4932113149e-01 9.5788669835e-01
1.6032236130e-01 9.4862644999e-01 9.5722786014e-01
1.6559618436e-01 9.4791029977e-01 9.5673980286e-01
1.7104349045e-01 9.4715335182e-01 9.5615586612e-01
1.7666998632e-01 9.4643024422e-01 9.5553203675e-01
1.8248156644e-01 9.4573051302e-01 9.5506679021e-01
1.8848431918e-01 9.4494613718e-01 9.5448628369e-01
1.9468453318e-01 9.4414039057e-01 9.5389542377e-01
2.0108870395e-01 9.4339772539e-01 9.5293339199e-01
2.0770354068e-01 9.4253658603e-01 9.5241329373e-01
2.1453597324e-01 9.4167642468e-01 9.5159028386e-01
2.2159315948e-01 9.4076599107e-01 9.5087732244e-01
2.2888249270e-01 9.3987511523e-01 9.5004433451e-01
2.3641160940e-01 9.3895027912e-01 9.4921663707e-01
2.4418839729e-01 9.3799969627e-01 9.4848740237e-01
2.5222100353e-01 9.3689390546e-01 9.4753957350e-01
2.6051784331e-01 9.3587642767e-01 9.4670110160e-01
2.6908760861e-01 9.3477635349e-01 9.4579879979e-01
2.7793927736e-01 9.3370659010e-01 9.4484862978e-01
2.8708212280e-01 9.3257226791e-01 9.4392370757e-01
2.9652572322e-01 9.3134200667e-01 9.4295700431e-01
3.0627997200e-01 9.3017945200e-01 9.4208272905e-01
3.1635508794e-01 9.2889268109e-01 9.4088512656e-01
3.2676162602e-01 9.2750045977e-01 9.3988959890e-01
3.3751048840e-01 9.2609367670e-01 9.3873772705e-01
3.4861293588e-01 9.2479054071e-01 9.3747197363e-01
3.6008059968e-01 9.2338683759e-01 9.3620155806e-01
3.7192549365e-01 9.2187024440e-01 9.3484568998e-01
3.8416002680e-01 9.2041220852e-01 9.3366086225e-01
3.9679701637e-01 9.1876873600e-01 9.3231211038e-01
4.0984970121e-01 9.1715692686e-01 9.3112598147e-01
4.2333175566e-01 9.1550519447e-01 9.2946738736e-01
4.3725730389e-01 9.1379588503e-01 9.2815468305e-01
4.5164093468e-01 9.1199779053e-01 9.2642355627e-01
4.6649771670e-01 9.1019920392e-01 9.2489955470e-01
4.8184321433e-01 9.0832333023e-01 9.2321198525e-01
4.9769350392e-01 9.0633283786e-01 9.2172494818e-01
5.1406519066e-01 9.0445679492e-01 9.2000249623e-01
5.3097542598e-01 9.0244230773e-01 9.1808273572e-01
5.4844192549e-01 9.0045645776e-01 9.1645094859e-01
5.6648298757e-01 8.9831364675e-01 9.1453870379e-01
5.8511751252e-01 8.9613713042e-01 9.1276194559e-01
6.0436502238e-01 8.9385152793e-01 9.1079744144e-01
6.2424568135e-01 8.9143741503e-01 9.0896536536e-01
6.4478031696e-01 8.8889210360e-01 9.0694011641e-01
6.6599044183e-01 8.8637955419e-01 9.0491201234e-01
6.8789827628e-01 8.8395945221e-01 9.0280590432e-01
7.1052677153e-01 8.8129406285e-01 9.0036039914e-01
7.3389963381e-01 8.7872898785e-01 8.9794558645e-01
7.5804134917e-01 8.7612813646e-01 8.9575470904e-01
7.8297720911e-01 8.7326339025e-01 8.9342441421e-01
8.0873333711e-01 8.7034514236e-01 8.9116840882e-01
8.3533671600e-01 8.6736926182e-01 8.8882534950e-01
8.6281521618e-01 8.6437867094e-01 8.8631075621e-01
8.9119762488e-01 8.6148358201e-01 8.8358021347e-01
9.2051367628e-01 8.5823190052e-01 8.8077765892e-01
9.5079408266e-01 8.5480110620e-01 8.7780828095e-01
9.8207056659e-01 8.5131232595e-01 8.7490223097e-01
1.0143758942e+00 8.4808032009e-01 8.7182897797e-01
1.0477439093e+00 8.4449324193e-01 8.6853015513e-01
1.0822095693e+00 8.4076839507e-01 8.6528571234e-01
1.1178089812e+00 8.3710524952e-01 8.6241507854e-01
1.1545794400e+00 8.3340441268e-01 8.5891765568e-01
1.1925594674e+00 8.2960568999e-01 8.5547982043e-01
1.2317888523e+00 8.2574070681e-01 8.5210677120e-01
1.2723086924e+00 8.2155845902e-01 8.4874948714e-01
1.3141614375e+00 8.1737754497e-01 8.4484167282e-01
1.3573909336e+00 8.1310545233e-01 8.4069026469e-01
1.4020424691e+00 8.0876563856e-01 8.3662500141e-01
1.4481628221e+00 8.0446696387e-01 8.3258734589e-01
1.4958003097e+00 8.0000445252e-01 8.2884621840e-01
1.5450048380e+00 7.9530314042e-01 8.2477705210e-01
1.5958279550e+00 7.9077134495e-01 8.2064926794e-01
1.6483229046e+00 7.8598354982e-01 8.1632392362e-01
1.7025446817e+00 7.8117221804e-01 8.1187119611e-01
1.7585500906e+00 7.7615241349e-01 8.0707294578e-01
1.8163978041e+00 7.7083783542e-01 8.0225660484e-01
1.8761484249e+00 7.6539799834e-01 7.9779270248e-01
1.9378645495e+00 7.6013936099e-01 7.9279632523e-01
2.0016108333e+00 7.5483171423e-01 7.8832386339e-01
2.0674540587e+00 7.4928254752e-01 7.8300562948e-01
2.1354632048e+00 7.4370509400e-01 7.7805890341e-01
2.2057095197e+00 7.3783841539e-01 7.7293141354e-01
2.2782665956e+00 7.3210876716e-01 7.6773061023e-01
2.3532104450e+00 7.2606989581e-01 7.6255825658e-01
2.4306195812e+00 7.2005288958e-01 7.5722040357e-01
2.5105751002e+00 7.1395795612e-01 7.5116055767e-01
2.5931607654e+00 7.0750701467e-01 7.4576914926e-01
2.6784630958e+00 7.0125907752e-01 7.3981502523e-01
2.7665714565e+00 6.9480147877e-01 7.3429115936e-01
2.8575781521e+00 6.8832802420e-01 7.2778900843e-01
2.9515785238e+00 6.8161085258e-01 7.2184565315e-01
3.0486710489e+00 6.7486795457e-01 7.1559440978e-01
3.1489574440e+00 6.6829350602e-01 7.0938444542e-01
3.2525427720e+00 6.6153936902e-01 7.0318159228e-01
3.3595355516e+00 6.5460515125e-01 6.9708473580e-01
3.4700478714e+00 6.4794795451e-01 6.9065087955e-01
3.5841955070e+00 6.4102494381e-01 6.8368245224e-01
3.7020980426e+00 6.3378172574e-01 6.7747627592e-01
3.8238789961e+00 6.2684725423e-01 6.7127744505e-01
3.9496659484e+00 6.1959512179e-01 6.6467021261e-01
4.0795906775e+00 6.1222910995e-01 6.5823549388e-01
4.2137892959e+00 6.0519646327e-01 6.5120601336e-01
4.3524023937e+00 5.9794522641e-01 6.4425859707e-01
4.4955751858e+00 5.9054116118e-01 6.3763689073e-01
4.6434576639e+00 5.8340947088e-01 6.3050912258e-01
4.7962047536e+00 5.7613429317e-01 6.2318887971e-01
4.9539764769e+00 5.6860163580e-01 6.1671053879e-01
5.1169381197e+00 5.6121783712e-01 6.0988299474e-01
5.2852604050e+00 5.5396907901e-01 6.0303543519e-01
5.4591196719e+00 5.4645352104e-01 5.9609148295e-01
5.6386980599e+00 5.3925749174e-01 5.8909013993e-01
5.8241837002e+00 5.3199173910e-01 5.8200745550e-01
6.0157709127e+00 5.2477168020e-01 5.7449632663e-01
6.2136604092e+00 5.1760950400e-01 5.6741289509e-01
6.4180595041e+00 5.1024297402e-01 5.6041794429e-01
6.6291823314e+00 5.0306298712e-01 5.5334291153e-01
6.8472500692e+00 4.9579487489e-01 5.4634426389e-01
7.0724911710e+00 4.8859185884e-01 5.3907986817e-01
7.3051416055e+00 4.8158882558e-01 5.3180908422e-01
7.5454451036e+00 4.7456417159e-01 5.2490367835e-01
7.7936534138e+00 4.6788714175e-01 5.1785763795e-01
8.0500265657e+00 4.6101107546e-01 5.1088302285e-01
8.3148331427e+00 4.5443418111e-01 5.0387525567e-01
8.5883505635e+00 4.4805575749e-01 4.9723468813e-01
8.8708653723e+00 4.4180672033e-01 4.9104098053e-01
9.1626735391e+00 4.3536045511e-01 4.8461523490e-01
9.4640807701e+00 4.2919782192e-01 4.7857551793e-01
9.7754028277e+00 4.2322559665e-01 4.7230999433e-01
1.0096965861e+01 4.1738462439e-01 4.6606187573e-01
1.0429106749e+01 4.1156162559e-01 4.6047197819e-01
1.0772173450e+01 4.0593628715e-01 4.5440127515e-01
1.1126525371e+01 4.0050889964e-01 4.4884255222e-01
1.1492533741e+01 3.9517829292e-01 4.4352689903e-01
1.1870581999e+01 3.9014479391e-01 4.3795259119e-01
1.2261066200e+01 3.8514533836e-01 4.3291684122e-01
1.2664395424e+01 3.8060064723e-01 4.2796852654e-01
1.3080992211e+01 3.7608303668e-01 4.2289989293e-01
1.3511292999e+01 3.7157173373e-01 4.1800174265e-01
1.3955748582e+01 3.6732189664e-01 4.1351957322e-01
1.4414824584e+01 3.6313275384e-01 4.0879545062e-01
1.4889001946e+01 3.5898254791e-01 4.0415014630e-01
1.5378777428e+01 3.5537181808e-01 3.9992928942e-01
1.5884664132e+01 3.5175378564e-01 3.9540984828e-01
1.6407192040e+01 3.4848075560e-01 3.9153248714e-01
1.6946908564e+01 3.4509943394e-01 3.8769320236e-01
1.7504379128e+01 3.4178764160e-01 3.8471748446e-01
1.8080187752e+01 3.3893548160e-01 3.8137775979e-01
1.8674937669e+01 3.3625790797e-01 3.7793975405e-01
1.9289251955e+01 3.3361966369e-01 3.7501148787e-01
1.9923774182e+01 3.3124774740e-01 3.7240975004e-01
2.0579169093e+01 3.2893558566e-01 3.6969543581e-01
2.1256123297e+01 3.2694277815e-01 3.6696080894e-01
2.1955345990e+01 3.2473918281e-01 3.6485644225e-01
2.2677569696e+01 3.2284415524e-01 3.6303913040e-01
2.3423551037e+01 3.2128236290e-01 3.6130190044e-01
2.4194071522e+01 3.1953515821e-01 3.5900094873e-01
2.4989938369e+01 3.1800315234e-01 3.5743814219e-01
2.5811985351e+01 3.1641133772e-01 3.5569463827e-01
2.6661073665e+01 3.1497725580e-01 3.5385190121e-01
2.7538092840e+01 3.1377793538e-01 3.5218174812e-01
2.8443961665e+01 3.1264436864e-01 3.5068089679e-01
2.9379629152e+01 3.1159998078e-01 3.4942120288e-01
3.0346075532e+01 3.1066256229e-01 3.4862867021e-01
3.1344313280e+01 3.0979942769e-01 3.4758898777e-01
3.2375388177e+01 3.0922661195e-01 3.4717141388e-01
3.3440380404e+01 3.0853024826e-01 3.4662870204e-01
3.4540405677e+01 3.0785242953e-01 3.4563092506e-01
3.5676616412e+01 3.0735477947e-01 3.4473617269e-01
3.6850202933e+01 3.0682215544e-01 3.4447389292e-01
3.8062394722e+01 3.0650061198e-01 3.4419967202e-01
3.9314461704e+01 3.0627262750e-01 3.4362736126e-01
4.0607715577e+01 3.0597130913e-01 3.4302396671e-01
4.1943511189e+01 3.0579919426e-01 3.4310698626e-01
4.3323247956e+01 3.0550003322e-01 3.4312049029e-01
4.4748371327e+01 3.0554570565e-01 3.4286239394e-01
4.6220374301e+01 3.0551683867e-01 3.4334174990e-01
4.7740798986e+01 3.0559340431e-01 3.4332204090e-01
4.9311238222e+01 3.0557834794e-01 3.4323688736e-01
5.0933337242e+01 3.0513033051e-01 3.4294204463e-01
5.2608795402e+01 3.0537548849e-01 3.4311193028e-01
5.4339367956e+01 3.0523350497e-01 3.4366985430e-01
5.6126867899e+01 3.0546771911e-01 3.4386871453e-01
5.7973167865e+01 3.0522327145e-01 3.4332170588e-01
5.9880202086e+01 3.0536601366e-01 3.4371279016e-01
6.1849968424e+01 3.0550627121e-01 3.4380999520e-01
6.3884530459e+01 3.0521330789e-01 3.4391400495e-01
6.5986019653e+01 3.0513709297e-01 3.4430179744e-01
6.8156637583e+01 3.0534106203e-01 3.4395245520e-01
7.0398658247e+01 3.0533325903e-01 3.4449963025e-01
7.2714430446e+01 3.0560723374e-01 3.4395890297e-01
7.5106380245e+01 3.0598256284e-01 3.4412031291e-01
7.7577013517e+01 3.0469279655e-01 3.4247124680e-01
8.0128918562e+01 3.0428865322e-01 3.4061589088e-01
8.2764768826e+01 3.0352536419e-01 3.3957067088e-01
8.5487325697e+01 3.0334500092e-01 3.3977221759e-01
8.8299441398e+01 3.0320450757e-01 3.3899673163e-01
9.1204061978e+01 3.0272491536e-01 3.3961471230e-01
9.4204230397e+01 3.0296844104e-01 3.3970755309e-01
9.7303089710e+01 3.0303859655e-01 3.3876420461e-01
1.0050388637e+02 3.0290457933e-01 3.3953009297e-01
1.0380997361e+02 3.0309934704e-01 3.3957473751e-01
1.0722481498e+02 3.0311053332e-01 3.4052479565e-01
1.1075198797e+02 3.0272713003e-01 3.3965301041e-01
1.1439518773e+02 3.0226645958e-01 3.3934351333e-01
1.1815823097e+02 3.0246441749e-01 3.3898607579e-01
1.2204505997e+02 3.0281530117e-01 3.3972564067e-01
1.2605974667e+02 3.0273463286e-01 3.3978150354e-01
1.3020649697e+02 3.0257682547e-01 3.3981843847e-01
1.3448965510e+02 3.0236025617e-01 3.3972334334e-01
1.3891370823e+02 3.0216067484e-01 3.3869299243e-01
1.4348329111e+02 3.0229491380e-01 3.3892726562e-01
1.4820319096e+02 3.0228830859e-01 3.3934781700e-01
1.5307835248e+02 3.0133163271e-01 3.3936684516e-01
1.5811388301e+02 3.0054138558e-01 3.3748514481e-01
1.6331505791e+02 3.0039896014e-01 3.3696217930e-01
1.6868732608e+02 3.0023783844e-01 3.3798149016e-01
1.7423631565e+02 2.9992495246e-01 3.3648912577e-01
1.7996783988e+02 2.9993806854e-01 3.3635085934e-01
1.8588790328e+02 2.9950511738e-01 3.3659216620e-01
1.9200270787e+02 2.9977435078e-01 3.3628059859e-01
1.9831865968e+02 2.9976687383e-01 3.3670408811e-01
2.0484237548e+02 2.9957997503e-01 3.3730201205e-01
2.1158068967e+02 2.9961293595e-01 3.3657354380e-01
2.1854066151e+02 2.9966627375e-01 3.3704818695e-01
2.2572958245e+02 2.9940811267e-01 3.3684417967e-01
2.3315498379e+02 2.9795189742e-01 3.3447471561e-01
2.4082464459e+02 2.9778943716e-01 3.3420111982e-01
2.4874659979e+02 2.9753489790e-01 3.3423442763e-01
2.5692914865e+02 2.9718678066e-01 3.3436581969e-01
2.6538086341e+02 2.9666490118e-01 3.3285564572e-01
2.7411059834e+02 2.9644120709e-01 3.3261832582e-01
2.8312749893e+02 2.9629890796e-01 3.3243888794e-01
2.9244101153e+02 2.9594971090e-01 3.3142185220e-01
3.0206089323e+02 2.9619371271e-01 3.3208663075e-01
3.1199722208e+02 2.9461411691e-01 3.3049395596e-01
3.2226040765e+02 2.9443882165e-01 3.3076740887e-01
3.3286120192e+02 2.9376034044e-01 3.3023422915e-01
3.4381071057e+02 2.9369670123e-01 3.3033946034e-01
3.5512040460e+02 2.9331862810e-01 3.2914815729e-01
3.6680213236e+02 2.9303831105e-01 3.2934611057e-01
3.7886813194e+02 2.9269085289e-01 3.2966848336e-01
3.9133104400e+02 2.9116344802e-01 3.2727633046e-01
4.0420392503e+02 2.9011441136e-01 3.2692127250e-01
4.1750026101e+02 2.9007170532e-01 3.2662485420e-01
4.3123398153e+02 2.8993653871e-01 3.2534687406e-01
4.4541947441e+02 2.8933226299e-01 3.2550584894e-01
4.6007160076e+02 2.8803673092e-01 3.2419718299e-01
4.7520571055e+02 2.8779472881e-01 3.2364648440e-01
4.9083765867e+02 2.8732903246e-01 3.2265570262e-01
5.0698382157e+02 2.8624477250e-01 3.2294804922e-01
5.2366111441e+02 2.8588859876e-01 3.2108312601e-01
5.4088700877e+02 2.8473855703e-01 3.1976807530e-01
5.5867955097e+02 2.8372892273e-01 3.1950441827e-01
5.7705738096e+02 2.8382952905e-01 3.1954903863e-01
5.9603975183e+02 2.8293787783e-01 3.1840154478e-01
6.1564655005e+02 2.8156426690e-01 3.1645204241e-01
6.3589831621e+02 2.8104804703e-01 3.1615409395e-01
6.5681626662e+02 2.8059428511e-01 3.1502787146e-01
6.7842231548e+02 2.7989433485e-01 3.1431094440e-01
7.0073909788e+02 2.7813488207e-01 3.1240244011e-01
7.2378999348e+02 2.7714571023e-01 3.1138260398e-01
7.4759915102e+02 2.7644117009e-01 3.1143367413e-01
7.7219151361e+02 2.7521088167e-01 3.0900757032e-01
7.9759284489e+02 2.7387205398e-01 3.0766120459e-01
8.2382975596e+02 2.7308879081e-01 3.0657915177e-01
8.5092973333e+02 2.7223621726e-01 3.0540603583e-01
8.7892116767e+02 2.7093937476e-01 3.0561055651e-01
9.0783338355e+02 2.7027352520e-01 3.0325933757e-01
9.3769667020e+02 2.6884642251e-01 3.0213966175e-01
9.6854231320e+02 2.6776638315e-01 3.0055844860e-01
1.0004026273e+03 2.6585515697e-01 2.9861835456e-01
1.0333109902e+03 2.6465345786e-01 2.9681991806e-01
1.0673018775e+03 2.6369581627e-01 2.9616446982e-01
1.1024108992e+03 2.6178624786e-01 2.9518498007e-01
1.1386748362e+03 2.6075561987e-01 2.9355526957e-01
1.1761316798e+03 2.5916982397e-01 2.9097465282e-01
1.2148206707e+03 2.5795827087e-01 2.8978784908e-01
1.2547823405e+03 2.5611881018e-01 2.8714466725e-01
1.2960585542e+03 2.5463316151e-01 2.8826460459e-01
1.3386925538e+03 2.5279835205e-01 2.8445326112e-01
1.3827290038e+03 2.5106118108e-01 2.8182491909e-01
1.4282140381e+03 2.4996485079e-01 2.8046587066e-01
1.4751953080e+03 2.4772731576e-01 2.7836917865e-01
1.5237220324e+03 2.4633855121e-01 2.7670634439e-01
1.5738450491e+03 2.4422228540e-01 2.7512961833e-01
1.6256168683e+03 2.4227863288e-01 2.7184855738e-01
1.6790917277e+03 2.3998119974e-01 2.7060882250e-01
1.7343256489e+03 2.3824007344e-01 2.6740042035e-01
1.7913764965e+03 2.3636512617e-01 2.6595836501e-01
1.8503040384e+03 2.3442590920e-01 2.6332652930e-01
1.9111700089e+03 2.3219864146e-01 2.6025652501e-01
1.9740381726e+03 2.3002820070e-01 2.5827711661e-01
2.0389743920e+03 2.2740216714e-01 2.5629750533e-01
2.1060466961e+03 2.2533748980e-01 2.5299144259e-01
2.1753253515e+03 2.2310138377e-01 2.5088274473e-01
2.2468829366e+03 2.2018391642e-01 2.4932206031e-01
2.3207944168e+03 2.1815893085e-01 2.4607473176e-01
2.3971372240e+03 2.1563021818e-01 2.4310480172e-01
2.4759913368e+03 2.1304916506e-01 2.3951059952e-01
2.5574393650e+03 2.1040155542e-01 2.3750363005e-01
2.6415666357e+03 2.0777698623e-01 2.3326609602e-01
2.7284612830e+03 2.0509997540e-01 2.3111899109e-01
2.8182143400e+03 2.0239932158e-01 2.2762879317e-01
2.9109198344e+03 1.9955817088e-01 2.2369860510e-01
3.0066748870e+03 1.9643445765e-01 2.2073860288e-01
3.1055798134e+03 1.9372112553e-01 2.1812513924e-01
3.2077382291e+03 1.9087578903e-01 2.1470672685e-01
3.3132571580e+03 1.8812697522e-01 2.1089939729e-01
3.4222471445e+03 1.8497200158e-01 2.0713707901e-01
3.5348223696e+03 1.8159064353e-01 2.0478863284e-01
3.6511007700e+03 1.7866376088e-01 2.0132648005e-01
3.7712041622e+03 1.7524553583e-01 1.9771086337e-01
3.8952583696e+03 1.7209521536e-01 1.9371792128e-01
4.0233933549e+03 1.6900899417e-01 1.8997564540e-01
4.1557433557e+03 1.6534817187e-01 1.8623597786e-01
4.2924470255e+03 1.6204223470e-01 1.8210888241e-01
4.4336475787e+03 1.5867786600e-01 1.7858856855e-01
4.5794929408e+03 1.5543815713e-01 1.7498793077e-01
4.7301359033e+03 1.5153604138e-01 1.7068043744e-01
4.8857342839e+03 1.4816605263e-01 1.6692599385e-01
5.0464510917e+03 1.4470477762e-01 1.6307663982e-01
5.2124546979e+03 1.4105863923e-01 1.5958673203e-01
5.3839190124e+03 1.3760895364e-01 1.5460010505e-01
5.5610236658e+03 1.3394262740e-01 1.5070976248e-01
5.7439541978e+03 1.3038063215e-01 1.4640080065e-01
5.9329022513e+03 1.2672066120e-01 1.4282997423e-01
6.1280657734e+03 1.2316692459e-01 1.3870089447e-01
6.3296492226e+03 1.1953006869e-01 1.3464091557e-01
6.5378637833e+03 1.1568032136e-01 1.3055065720e-01
6.7529275866e+03 1.1228675556e-01 1.2660741608e-01
6.9750659391e+03 1.0841314387e-01 1.2197298175e-01
7.2045115591e+03 1.0477322746e-01 1.1820759737e-01
7.4415048199e+03 1.0090537696e-01 1.1426884761e-01
7.6862940021e+03 9.7160994524e-02 1.0959860665e-01
7.9391355535e+03 9.3679981897e-02 1.0572024744e-01
8.2002943576e+03 9.0153968315e-02 1.0148508751e-01
8.4700440114e+03 8.6641187723e-02 9.7989309965e-02
8.7486671121e+03 8.2935547744e-02 9.3665310602e-02
9.0364555527e+03 7.9420818661e-02 8.9531284557e-02
9.3337108281e+03 7.6062690575e-02 8.5486782955e-02
9.6407443510e+03 7.2681096016e-02 8.1974948296e-02
9.9578777780e+03 6.9325849102e-02 7.8358516470e-02
1.0285443347e+04 6.6002654692e-02 7.4517988965e-02
1.0623784223e+04 6.2668955806e-02 7.0189193332e-02
1.0973254863e+04 5.9509534262e-02 6.7003930621e-02
1.1334221381e+04 5.6531323664e-02 6.3342113907e-02
1.1707061936e+04 5.3419742227e-02 5.9675274658e-02
1.2092167124e+04 5.0492765848e-02 5.6927862700e-02
1.2489940394e+04 4.7521284023e-02 5.3480042180e-02
1.2900798462e+04 4.4664910390e-02 5.0084466145e-02
1.3325171755e+04 4.1844349704e-02 4.6966984716e-02
1.3763504858e+04 3.9313894884e-02 4.4201284417e-02
1.4216256980e+04 3.6751649537e-02 4.1167896289e-02
1.4683902436e+04 3.4277552519e-02 3.8488097535e-02
1.5166931146e+04 3.1906809308e-02 3.5748937881e-02
1.5665849142e+04 2.9673510688e-02 3.3115811750e-02
1.6181179104e+04 2.7356244344e-02 3.0859376493e-02
1.6713460907e+04 2.5344587495e-02 2.8644098382e-02
1.7263252182e+04 2.3325032568e-02 2.6420723003e-02
1.7831128907e+04 2.1466018051e-02 2.4346883510e-02
1.8417686004e+04 1.9777676299e-02 2.2018164593e-02
1.9023537966e+04 1.8046708472e-02 2.0179326037e-02
1.9649319500e+04 1.6456348130e-02 1.8459729439e-02
2.0295686191e+04 1.4934463278e-02 1.6834666933e-02
2.0963315192e+04 1.3536350189e-02 1.5172370549e-02
2.1652905927e+04 1.2233417702e-02 1.3655298597e-02
2.2365180832e+04 1.1064301402e-02 1.2218772441e-02
2.3100886104e+04 9.9435166540e-03 1.1155836905e-02
2.3860792487e+04 8.8656404720e-03 1.0095775820e-02
2.4645696081e+04 7.8968334012e-03 9.1829766122e-03
2.5456419172e+04 7.0693600013e-03 8.2917979593e-03
2.6293811095e+04 6.2513695577e-03 7.2338272765e-03
2.7158749125e+04 5.6118508700e-03 6.5084318655e-03
2.8052139393e+04 4.8552898474e-03 5.8839098199e-03
2.8974917840e+04 4.2603288854e-03 5.0909723468e-03
2.9928051193e+04 3.7481288591e-03 4.5783404379e-03
3.0912537981e+04 3.2731448527e-03 4.0511815617e-03
3.1929409578e+04 2.8031833201e-03 3.5566193966e-03
3.2979731287e+04 2.4558564056e-03 3.1921689311e-03
3.4064603453e+04 2.1417553847e-03 2.8200997324e-03
3.5185162617e+04 1.8301603683e-03 2.5519726500e-03
3.6342582708e+04 1.5714694413e-03 2.2572147950e-03
3.7538076269e+04 1.3148657076e-03 2.0031628213e-03
3.8772895733e+04 1.1077163029e-03 1.7992862045e-03
4.0048334729e+04 9.5548224658e-04 1.5462483975e-03
4.1365729442e+04 8.4508419582e-04 1.4290733794e-03
4.2726460010e+04 6.9833803744e-04 1.2764866615e-03
4.4131951971e+04 6.0258194153e-04 1.1929222677e-03
4.5583677757e+04 4.9950641152e-04 1.1404539561e-03
4.7083158235e+04 4.3080277260e-04 1.0869300124e-03
4.8631964300e+04 3.8140624990e-04 1.0204702442e-03
5.0231718524e+04 3.3954078165e-04 9.3725638812e-04
5.1884096853e+04 2.9552858725e-04 9.4745886682e-04
5.3590830362e+04 2.6428660665e-04 8.9474901763e-04
5.5353707073e+04 2.3722459404e-04 8.8105887738e-04
5.7174573821e+04 2.2639731882e-04 8.8729423291e-04
5.9055338197e+04 1.9934057068e-04 8.6632474534e-04
6.0997970540e+04 1.8763645024e-04 8.1014215226e-04
6.3004506003e+04 1.7374938288e-04 8.2469401392e-04
6.5077046689e+04 1.7017586716e-04 8.0754278760e-04
6.7217763845e+04 1.6337232097e-04 8.1209116256e-04
6.9428900146e+04 1.5418535539e-04 7.9985739254e-04
7.1712772038e+04 1.5240236336e-04 8.3202313945e-04
7.4071772165e+04 1.5283000778e-04 7.9173720018e-04
7.6508371881e+04 1.4681174305e-04 8.2056888795e-04
7.9025123834e+04 1.4947087555e-04 8.0955125617e-04
8.1624664640e+04 1.4414743376e-04 7.9012602953e-04
8.4309717648e+04 1.4132105488e-04 8.1024475842e-04
8.7083095793e+04 1.4402780697e-04 8.0790133201e-04
8.9947704541e+04 1.4541636561e-04 7.9587133016e-04
9.2906544932e+04 1.4533516948e-04 8.2704716029e-04
9.5962716729e+04 1.4017538978e-04 8.0106719718e-04
9.9119421658e+04 1.3729003691e-04 8.1933851289e-04
1.0237996677e+05 1.4475062453e-04 8.1178062777e-04
1.0574776790e+05 1.3292553639e-04 8.3387420499e-04
1.0922635325e+05 1.4080853700e-04 8.2819234892e-04
1.1281936707e+05 1.3973631025e-04 8.1467497610e-04
1.1653057351e+05 1.4254045404e-04 8.1150813717e-04
1.2036386052e+05 1.4240413143e-04 8.0969439355e-04
1.2432324397e+05 1.3696588283e-04 7.9165048969e-04
1.2841287180e+05 1.4407828276e-04 8.3315286351e-04
1.3263702842e+05 1.3805804960e-04 8.6039968028e-04
1.3700013918e+05 1.3997079796e-04 7.9047945555e-04
1.4150677498e+05 1.4273478615e-04 8.1452555413e-04
1.4616165710e+05 1.3954412475e-04 7.8579165318e-04
1.5096966211e+05 1.4688848918e-04 8.0958863562e-04
1.5593582702e+05 1.4674114909e-04 8.0615131533e-04
1.6106535452e+05 1.4426871813e-04 8.2260116565e-04
1.6636361843e+05 1.3847143247e-04 7.8477110900e-04
1.7183616935e+05 1.3324019491e-04 8.1011571384e-04
1.7748874049e+05 1.3600929279e-04 8.6120927865e-04
1.8332725363e+05 1.4397279055e-04 8.1620584232e-04
1.8935782534e+05 1.4159842617e-04 8.1427968922e-04
1.9558677343e+05 1.3934148536e-04 8.0813478999e-04
2.0202062350e+05 1.3071907081e-04 8.0883729257e-04
2.0866611583e+05 1.4059885593e-04 8.1501447745e-04
2.1553021242e+05 1.3863877172e-04 7.9695579029e-04
2.2262010428e+05 1.4621901146e-04 7.8214776986e-04
2.2994321897e+05 1.3913763180e-04 7.7984443852e-04
2.3750722839e+05 1.2837952447e-04 7.8611499106e-04
2.4532005679e+05 1.3496102881e-04 7.9829138539e-04
2.5338988910e+05 1.4541856957e-04 8.1918387185e-04
2.6172517951e+05 1.4045615380e-04 8.3467303698e-04
2.7033466028e+05 1.3944195566e-04 7.9837021256e-04
2.7922735094e+05 1.3771273059e-04 7.9419387912e-04
2.8841256771e+05 1.3941666428e-04 8.0672120349e-04
2.9789993328e+05 1.3634191097e-04 8.1018976629e-04
3.0769938686e+05 1.3814274486e-04 8.3693255381e-04
3.1782119462e+05 1.4042690053e-04 7.8698774878e-04
3.2827596045e+05 1.4107292893e-04 8.0588081457e-04
3.3907463704e+05 1.3172075998e-04 8.0949426884e-04
3.5022853738e+05 1.3737890885e-04 8.2398934507e-04
3.6174934658e+05 1.3881108410e-04 8.2002082507e-04
3.7364913417e+05 1.3097276045e-04 7.9849142268e-04
3.8594036669e+05 1.4210742294e-04 8.2233025693e-04
3.9863592075e+05 1.3810872041e-04 8.1949190424e-04
4.1174909656e+05 1.2856344289e-04 7.6400650069e-04
4.2529363185e+05 1.3372403766e-04 7.7558132968e-04
4.3928371623e+05 1.3572158634e-04 7.8151260813e-04
4.5373400609e+05 1.4135008358e-04 7.7479111381e-04
4.6865963995e+05 1.3752158864e-04 8.1585454241e-04
4.8407625430e+05 1.3528890279e-04 8.1279309883e-04
5.0000000000e+05 1.3988496100e-04 7.9568605539e-04
