time_us curve_nan curve_nan curve_nan curve_nan curve_nan
0.0000000000e+00 9.2559868751e-01 9.3063006232e-01 9.3151789415e-01 9.2688921852e-01 9.2452402576e-01
1.8796992481e+01 9.2559695321e-01 9.3060325008e-01 9.3150973826e-01 9.2677168505e-01 9.2449827139e-01
3.7593984962e+01 9.2555998588e-01 9.3054642096e-01 9.3147600014e-01 9.2663295886e-01 9.2445352287e-01
5.6390977444e+01 9.2548812339e-01 9.3045965833e-01 9.3141654291e-01 9.2647298847e-01 9.2438971470e-01
7.5187969925e+01 9.2538104442e-01 9.3034284358e-01 9.3133135285e-01 9.2629178538e-01 9.2430681434e-01
9.3984962406e+01 9.2523915738e-01 9.3019605344e-01 9.3122041928e-01 9.2608942931e-01 9.2420492102e-01
1.1278195489e+02 9.2506215665e-01 9.3001922645e-01 9.3108379158e-01 9.2586597071e-01 9.2408405624e-01
1.3157894737e+02 9.2485028982e-01 9.2981230397e-01 9.3092132365e-01 9.2562133461e-01 9.2394417181e-01
1.5037593985e+02 9.2460353533e-01 9.2957542340e-01 9.3073319248e-01 9.2535567324e-01 9.2378530648e-01
1.6917293233e+02 9.2432214142e-01 9.2930855747e-01 9.3051928504e-01 9.2506895011e-01 9.2360748964e-01
1.8796992481e+02 9.2400583692e-01 9.2901176495e-01 9.3027976136e-01 9.2476127121e-01 9.2341073728e-01
2.0676691729e+02 9.2365500247e-01 9.2868505958e-01 9.3001453779e-01 9.2443267840e-01 9.2319502913e-01
2.2556390977e+02 9.2326944005e-01 9.2832850242e-01 9.2972370975e-01 9.2408318402e-01 9.2296047817e-01
2.4436090226e+02 9.2284942982e-01 9.2794207019e-01 9.2940733422e-01 9.2371290419e-01 9.2270706091e-01
2.6315789474e+02 9.2239483647e-01 9.2752593404e-01 9.2906543712e-01 9.2332189295e-01 9.2243484085e-01
2.8195488722e+02 9.2190586421e-01 9.2708019024e-01 9.2869814208e-01 9.2291015436e-01 9.2214373103e-01
3.0075187970e+02 9.2138253303e-01 9.2660479091e-01 9.2830546351e-01 9.2247784420e-01 9.2183387379e-01
3.1954887218e+02 9.2082485738e-01 9.2609982237e-01 9.2788752552e-01 9.2202495230e-01 9.2150530901e-01
3.3834586466e+02 9.2023300115e-01 9.2556552667e-01 9.2744443921e-01 9.2155161703e-01 9.2115800939e-01
3.5714285714e+02 9.1960698036e-01 9.2500181961e-01 9.2697623518e-01 9.2105785626e-01 9.2079207064e-01
3.7593984962e+02 9.1894684494e-01 9.2440887215e-01 9.2648305412e-01 9.2054381835e-01 9.2040747425e-01
3.9473684211e+02 9.1825266659e-01 9.2378685047e-01 9.2596506060e-01 9.2000949556e-01 9.2000427927e-01
4.1353383459e+02 9.1752468060e-01 9.2313579613e-01 9.2542232789e-01 9.1945508064e-01 9.1958251218e-01
4.3233082707e+02 9.1676279933e-01 9.2245591055e-01 9.2485492856e-01 9.1888066051e-01 9.1914227674e-01
4.5112781955e+02 9.1596729533e-01 9.2174709099e-01 9.2426308498e-01 9.1828622646e-01 9.1868350325e-01
4.6992481203e+02 9.1513813602e-01 9.2100969736e-01 9.2364681851e-01 9.1767192682e-01 9.1820641595e-01
4.8872180451e+02 9.1427549435e-01 9.2024380926e-01 9.2300646037e-01 9.1703793114e-01 9.1771086116e-01
5.0751879699e+02 9.1337935165e-01 9.1944952177e-01 9.2234200873e-01 9.1638422595e-01 9.1719700157e-01
5.2631578947e+02 9.1245013716e-01 9.1862708412e-01 9.2165365878e-01 9.1571099500e-01 9.1666485739e-01
5.4511278195e+02 9.1148782275e-01 9.1777649525e-01 9.2094156593e-01 9.1501829127e-01 9.1611449477e-01
5.6390977444e+02 9.1049246920e-01 9.1689805218e-01 9.2020584204e-01 9.1430625784e-01 9.1554596514e-01
5.8270676692e+02 9.0946450105e-01 9.1599179209e-01 9.1944673891e-01 9.1357506711e-01 9.1495926382e-01
6.0150375940e+02 9.0840385246e-01 9.1505793064e-01 9.1866443955e-01 9.1282464165e-01 9.1435449033e-01
6.2030075188e+02 9.0731103351e-01 9.1409663249e-01 9.1785901580e-01 9.1205525090e-01 9.1373175054e-01
6.3909774436e+02 9.0618588036e-01 9.1310813213e-01 9.1703070416e-01 9.1126698270e-01 9.1309102471e-01
6.5789473684e+02 9.0502894731e-01 9.1209242722e-01 9.1617968259e-01 9.1045993236e-01 9.1243247913e-01
6.7669172932e+02 9.0384023427e-01 9.1104987708e-01 9.1530602498e-01 9.0963410687e-01 9.1175597040e-01
6.9548872180e+02 9.0261994775e-01 9.0998045448e-01 9.1441018171e-01 9.0878984509e-01 9.1106174892e-01
7.1428571429e+02 9.0136872252e-01 9.0888442456e-01 9.1349210451e-01 9.0792712868e-01 9.1034978478e-01
7.3308270677e+02 9.0008639785e-01 9.0776217253e-01 9.1255203113e-01 9.0704610429e-01 9.0962020485e-01
7.5187969925e+02 8.9877359222e-01 9.0661354441e-01 9.1159016422e-01 9.0614682057e-01 9.0887303654e-01
7.7067669173e+02 8.9743033572e-01 9.0543902226e-01 9.1060676725e-01 9.0522946994e-01 9.0810830553e-01
7.8947368421e+02 8.9605704851e-01 9.0423860679e-01 9.0960192122e-01 9.0429420557e-01 9.0732613569e-01
8.0827067669e+02 8.9465410740e-01 9.0301258569e-01 9.0857590816e-01 9.0334109166e-01 9.0652661960e-01
8.2706766917e+02 8.9322183956e-01 9.0176110284e-01 9.0752880190e-01 9.0237022076e-01 9.0570976681e-01
8.4586466165e+02 8.9176026203e-01 9.0048428465e-01 9.0646092510e-01 9.0138176651e-01 9.0487561834e-01
8.6466165414e+02 8.9026999348e-01 8.9918252554e-01 9.0537239390e-01 9.0037581790e-01 9.0402434032e-01
8.8345864662e+02 8.8875140106e-01 8.9785585765e-01 9.0426353438e-01 8.9935251154e-01 9.0315593349e-01
9.0225563910e+02 8.8720469252e-01 8.9650452885e-01 9.0313439700e-01 8.9831201174e-01 9.0227055655e-01
9.2105263158e+02 8.8563023023e-01 8.9512885632e-01 9.0198517400e-01 8.9725435308e-01 9.0136821215e-01
9.3984962406e+02 8.8402829744e-01 8.9372890354e-01 9.0081621765e-01 8.9617965654e-01 9.0044896100e-01
9.5864661654e+02 8.8239934793e-01 8.9230487488e-01 8.9962760670e-01 8.9508809599e-01 8.9951295008e-01
9.7744360902e+02 8.8074366727e-01 8.9085718721e-01 8.9841952867e-01 8.9397981938e-01 8.9856017588e-01
9.9624060150e+02 8.7906157605e-01 8.8938586547e-01 8.9719217622e-01 8.9285486557e-01 8.9759083192e-01
1.0150375940e+03 8.7735345634e-01 8.8789115912e-01 8.9594580599e-01 8.9171337799e-01 8.9660490616e-01
1.0338345865e+03 8.7561943868e-01 8.8637344035e-01 8.9468051724e-01 8.9055549067e-01 8.9560248193e-01
1.0526315789e+03 8.7386016949e-01 8.8483278705e-01 8.9339670661e-01 8.8938123606e-01 8.9458369293e-01
1.0714285714e+03 8.7207549524e-01 8.8326941245e-01 8.9209432865e-01 8.8819094873e-01 8.9354860867e-01
1.0902255639e+03 8.7026610456e-01 8.8168375652e-01 8.9077375073e-01 8.8698449307e-01 8.9249731935e-01
1.1090225564e+03 8.6843231919e-01 8.8007589715e-01 8.8943507934e-01 8.8576214907e-01 8.9142991457e-01
1.1278195489e+03 8.6657419602e-01 8.7844609963e-01 8.8807855435e-01 8.8452396155e-01 8.9034643960e-01
1.1466165414e+03 8.6469204107e-01 8.7679462619e-01 8.8670429157e-01 8.8327002306e-01 8.8924709401e-01
1.1654135338e+03 8.6278623433e-01 8.7512174795e-01 8.8531247392e-01 8.8200051197e-01 8.8813180904e-01
1.1842105263e+03 8.6085696023e-01 8.7342767774e-01 8.8390340850e-01 8.8071555568e-01 8.8700081165e-01
1.2030075188e+03 8.5890468350e-01 8.7171280472e-01 8.8247725163e-01 8.7941523922e-01 8.8585416638e-01
1.2218045113e+03 8.5692942862e-01 8.6997735493e-01 8.8103413429e-01 8.7809959465e-01 8.8469197024e-01
1.2406015038e+03 8.5493152428e-01 8.6822138167e-01 8.7957430033e-01 8.7676884502e-01 8.8351425415e-01
1.2593984962e+03 8.5291111100e-01 8.6644547709e-01 8.7809787832e-01 8.7542318167e-01 8.8232119825e-01
1.2781954887e+03 8.5086864951e-01 8.6464963139e-01 8.7660515721e-01 8.7406244788e-01 8.8111288709e-01
1.2969924812e+03 8.4880412902e-01 8.6283443638e-01 8.7509627944e-01 8.7268692253e-01 8.7988935526e-01
1.3157894737e+03 8.4671802312e-01 8.6099993834e-01 8.7357138635e-01 8.7129683326e-01 8.7865078820e-01
1.3345864662e+03 8.4461032469e-01 8.5914654306e-01 8.7203068348e-01 8.6989211122e-01 8.7739730483e-01
1.3533834586e+03 8.4248146355e-01 8.5727453549e-01 8.7047436746e-01 8.6847294071e-01 8.7612894615e-01
1.3721804511e+03 8.4033158130e-01 8.5538405191e-01 8.6890264201e-01 8.6703939178e-01 8.7484585795e-01
1.3909774436e+03 8.3816086205e-01 8.5347567387e-01 8.6731567520e-01 8.6559164472e-01 8.7354809196e-01
1.4097744361e+03 8.3596963582e-01 8.5154949987e-01 8.6571370055e-01 8.6412984013e-01 8.7223583713e-01
1.4285714286e+03 8.3375798471e-01 8.4960586517e-01 8.6409686321e-01 8.6265398018e-01 8.7090912540e-01
1.4473684211e+03 8.3152643199e-01 8.4764519754e-01 8.6246529318e-01 8.6116423198e-01 8.6956817216e-01
1.4661654135e+03 8.2927483190e-01 8.4566765564e-01 8.6081927328e-01 8.5966070397e-01 8.6821308552e-01
1.4849624060e+03 8.2700383523e-01 8.4367374681e-01 8.5915899917e-01 8.5814350594e-01 8.6684380880e-01
1.5037593985e+03 8.2471343854e-01 8.4166350872e-01 8.5748452828e-01 8.5661290009e-01 8.6546055860e-01
1.5225563910e+03 8.2240405291e-01 8.3963746932e-01 8.5579606127e-01 8.5506872531e-01 8.6406357066e-01
1.5413533835e+03 8.2007576771e-01 8.3759596439e-01 8.5409384576e-01 8.5351136087e-01 8.6265280609e-01
1.5601503759e+03 8.1772917775e-01 8.3553920790e-01 8.5237817532e-01 8.5194076601e-01 8.6122842347e-01
1.5789473684e+03 8.1536435803e-01 8.3346756059e-01 8.5064907153e-01 8.5035716437e-01 8.5979065536e-01
1.5977443609e+03 8.1298166982e-01 8.3138128716e-01 8.4890668606e-01 8.4876060236e-01 8.5833950690e-01
1.6165413534e+03 8.1058130265e-01 8.2928086497e-01 8.4715128912e-01 8.4715118989e-01 8.5687502462e-01
1.6353383459e+03 8.0816395431e-01 8.2716636349e-01 8.4538304976e-01 8.4552914262e-01 8.5539754914e-01
1.6541353383e+03 8.0572962270e-01 8.2503830336e-01 8.4360206323e-01 8.4389447418e-01 8.5390707130e-01
1.6729323308e+03 8.0327876013e-01 8.2289701079e-01 8.4180860895e-01 8.4224739259e-01 8.5240371946e-01
1.6917293233e+03 8.0081175775e-01 8.2074270534e-01 8.4000286242e-01 8.4058799742e-01 8.5088762999e-01
1.7105263158e+03 7.9832901571e-01 8.1857588391e-01 8.3818489673e-01 8.3891639766e-01 8.4935896469e-01
1.7293233083e+03 7.9583096435e-01 8.1639655252e-01 8.3635499152e-01 8.3723276643e-01 8.4781781316e-01
1.7481203008e+03 7.9331784813e-01 8.1420539136e-01 8.3451316715e-01 8.3553719762e-01 8.4626439517e-01
1.7669172932e+03 7.9079014918e-01 8.1200249305e-01 8.3265973747e-01 8.3382982243e-01 8.4469873647e-01
1.7857142857e+03 7.8824836094e-01 8.0978820249e-01 8.3079491448e-01 8.3211074003e-01 8.4312096575e-01
1.8045112782e+03 7.8569272836e-01 8.0756286041e-01 8.2891869974e-01 8.3038016253e-01 8.4153125807e-01
1.8233082707e+03 7.8312384962e-01 8.0532672603e-01 8.2703135930e-01 8.2863817037e-01 8.3992979200e-01
1.8421052632e+03 7.8054214219e-01 8.0308021020e-01 8.2513299192e-01 8.2688496355e-01 8.3831663273e-01
1.8609022556e+03 7.7794806808e-01 8.0082359005e-01 8.2322366114e-01 8.2512058626e-01 8.3669192080e-01
1.8796992481e+03 7.7534186677e-01 7.9855707347e-01 8.2130386062e-01 8.2334516180e-01 8.3505586848e-01
1.8984962406e+03 7.7272412125e-01 7.9628117229e-01 8.1937341536e-01 8.2155896792e-01 8.3340854422e-01
1.9172932331e+03 7.7009553986e-01 7.9399592457e-01 8.1743259522e-01 8.1976207926e-01 8.3175005816e-01
1.9360902256e+03 7.6745605649e-01 7.9170170004e-01 8.1548160236e-01 8.1795454081e-01 8.3008054377e-01
1.9548872180e+03 7.6480652954e-01 7.8939890854e-01 8.1352053834e-01 8.1613664455e-01 8.2840030715e-01
1.9736842105e+03 7.6214726827e-01 7.8708775702e-01 8.1154943414e-01 8.1430843697e-01 8.2670931324e-01
1.9924812030e+03 7.5947881479e-01 7.8476844334e-01 8.0956866881e-01 8.1247002921e-01 8.2500773059e-01
2.0112781955e+03 7.5680140124e-01 7.8244146706e-01 8.0757821884e-01 8.1062176889e-01 8.2329574251e-01
2.0300751880e+03 7.5411571810e-01 7.8010686890e-01 8.0557817446e-01 8.0876355382e-01 8.2157344050e-01
2.0488721805e+03 7.5142201649e-01 7.7776500554e-01 8.0356890918e-01 8.0689572377e-01 8.1984103136e-01
2.0676691729e+03 7.4872095498e-01 7.7541619766e-01 8.0155032462e-01 8.0501828795e-01 8.1809860365e-01
2.0864661654e+03 7.4601273483e-01 7.7306052645e-01 7.9952263467e-01 8.0313142462e-01 8.1634634994e-01
2.1052631579e+03 7.4329792955e-01 7.7069842711e-01 7.9748603582e-01 8.0123529161e-01 8.1458432614e-01
2.1240601504e+03 7.4057676777e-01 7.6833000286e-01 7.9544054413e-01 7.9933013795e-01 8.1281273056e-01
2.1428571429e+03 7.3784988223e-01 7.6595573940e-01 7.9338644454e-01 7.9741588511e-01 8.1103171652e-01
2.1616541353e+03 7.3511741302e-01 7.6357567793e-01 7.9132364718e-01 7.9549300317e-01 8.0924137600e-01
2.1804511278e+03 7.3238004259e-01 7.6119004851e-01 7.8925248276e-01 7.9356137698e-01 8.0744192584e-01
2.1992481203e+03 7.2963794100e-01 7.5879910626e-01 7.8717293187e-01 7.9162118558e-01 8.0563337978e-01
2.2180451128e+03 7.2689160873e-01 7.5640318596e-01 7.8508518496e-01 7.8967271924e-01 8.0381598365e-01
2.2368421053e+03 7.2414125907e-01 7.5400220090e-01 7.8298939921e-01 7.8771601355e-01 8.0198993240e-01
2.2556390977e+03 7.2138752814e-01 7.5159671618e-01 7.8088571626e-01 7.8575126296e-01 8.0015521373e-01
2.2744360902e+03 7.1863029394e-01 7.4918670440e-01 7.7877414843e-01 7.8377858530e-01 7.9831212309e-01
2.2932330827e+03 7.1587020514e-01 7.4677238320e-01 7.7665485060e-01 7.8179814787e-01 7.9646063244e-01
2.3120300752e+03 7.1310750666e-01 7.4435403775e-01 7.7452784963e-01 7.7981019063e-01 7.9460099735e-01
2.3308270677e+03 7.1034246660e-01 7.4193177922e-01 7.7239352486e-01 7.7781472290e-01 7.9273338131e-01
2.3496240602e+03 7.0757564019e-01 7.3950587088e-01 7.7025189921e-01 7.7581194896e-01 7.9085790699e-01
2.3684210526e+03 7.0480675063e-01 7.3707636714e-01 7.6810294756e-01 7.7380198362e-01 7.8897461001e-01
2.3872180451e+03 7.0203673098e-01 7.3464347832e-01 7.6594699361e-01 7.7178502842e-01 7.8708380192e-01
2.4060150376e+03 6.9926537311e-01 7.3220732851e-01 7.6378398869e-01 7.6976116840e-01 7.8518550455e-01
2.4248120301e+03 6.9649305825e-01 7.2976824642e-01 7.6161418148e-01 7.6773068733e-01 7.8327983687e-01
2.4436090226e+03 6.9372008150e-01 7.2732613679e-01 7.5943767826e-01 7.6569358539e-01 7.8136697441e-01
2.4624060150e+03 6.9094661205e-01 7.2488136244e-01 7.5725449474e-01 7.6365002067e-01 7.7944707078e-01
2.4812030075e+03 6.8817285427e-01 7.2243387306e-01 7.5506489855e-01 7.6160020391e-01 7.7752038438e-01
2.5000000000e+03 6.8539906450e-01 7.1998387374e-01 7.5286896957e-01 7.5954428152e-01 7.7558678918e-01
2.5187969925e+03 6.8262548105e-01 7.1753155334e-01 7.5066674365e-01 7.5748233327e-01 7.7364661884e-01
2.5375939850e+03 6.7985226731e-01 7.1507691331e-01 7.4845852842e-01 7.5541456329e-01 7.7170000786e-01
2.5563909774e+03 6.7707961678e-01 7.1262010839e-01 7.4624434475e-01 7.5334112410e-01 7.6974698439e-01
2.5751879699e+03 6.7430764103e-01 7.1016144209e-01 7.4402435031e-01 7.5126199670e-01 7.6778766813e-01
2.5939849624e+03 6.7153644692e-01 7.0770079053e-01 7.4179869246e-01 7.4917755104e-01 7.6582239385e-01
2.6127819549e+03 6.6876631156e-01 7.0523832642e-01 7.3956751469e-01 7.4708777820e-01 7.6385114577e-01
2.6315789474e+03 6.6599749029e-01 7.0277404566e-01 7.3733082005e-01 7.4499277907e-01 7.6187400000e-01
2.6503759398e+03 6.6322996358e-01 7.0030836321e-01 7.3508892472e-01 7.4289282152e-01 7.5989134176e-01
2.6691729323e+03 6.6046380313e-01 6.9784104926e-01 7.3284197347e-01 7.4078797297e-01 7.5790301093e-01
2.6879699248e+03 6.5769925241e-01 6.9537246444e-01 7.3058999483e-01 7.3867839528e-01 7.5590928367e-01
2.7067669173e+03 6.5493651233e-01 6.9290238580e-01 7.2833332516e-01 7.3656417142e-01 7.5391025840e-01
2.7255639098e+03 6.5217549116e-01 6.9043126547e-01 7.2607174607e-01 7.3444548314e-01 7.5190608570e-01
2.7443609023e+03 6.4941653498e-01 6.8795892439e-01 7.2380571182e-01 7.3232234697e-01 7.4989694931e-01
2.7631578947e+03 6.4665962031e-01 6.8548552364e-01 7.2153526346e-01 7.3019510134e-01 7.4788291368e-01
2.7819548872e+03 6.4390498550e-01 6.8301125691e-01 7.1926058990e-01 7.2806365765e-01 7.4586404175e-01
2.8007518797e+03 6.4115247369e-01 6.8053592672e-01 7.1698188182e-01 7.2592837281e-01 7.4384057603e-01
2.8195488722e+03 6.3840243279e-01 6.7806009247e-01 7.1469916945e-01 7.2378919095e-01 7.4181268151e-01
2.8383458647e+03 6.3565488584e-01 6.7558337045e-01 7.1241272606e-01 7.2164628188e-01 7.3978032080e-01
2.8571428571e+03 6.3291000795e-01 6.7310606386e-01 7.1012264064e-01 7.1949978035e-01 7.3774369733e-01
2.8759398496e+03 6.3016769337e-01 6.7062835409e-01 7.0782904904e-01 7.1734981796e-01 7.3570308537e-01
2.8947368421e+03 6.2742828634e-01 6.6815009572e-01 7.0553213982e-01 7.1519649228e-01 7.3365836297e-01
2.9135338346e+03 6.2469179058e-01 6.6567156505e-01 7.0323205149e-01 7.1304000578e-01 7.3160983838e-01
2.9323308271e+03 6.2195832660e-01 6.6319282042e-01 7.0092886866e-01 7.1088036675e-01 7.2955751260e-01
2.9511278195e+03 6.1922800326e-01 6.6071381102e-01 6.9862290720e-01 7.0871784736e-01 7.2750154515e-01
2.9699248120e+03 6.1650080962e-01 6.5823475980e-01 6.9631419079e-01 7.0655238435e-01 7.2544215268e-01
2.9887218045e+03 6.1377702067e-01 6.5575571082e-01 6.9400299509e-01 7.0438421844e-01 7.2337928041e-01
3.0075187970e+03 6.1105668000e-01 6.5327683298e-01 6.9168928330e-01 7.0221340659e-01 7.2131323231e-01
3.0263157895e+03 6.0833985784e-01 6.5079805923e-01 6.8937341891e-01 7.0004007082e-01 7.1924403720e-01
3.0451127820e+03 6.0562680194e-01 6.4831975729e-01 6.8705549185e-01 6.9786445421e-01 7.1717181407e-01
3.0639097744e+03 6.0291751779e-01 6.4584181165e-01 6.8473559789e-01 6.9568658682e-01 7.1509669367e-01
3.0827067669e+03 6.0021218294e-01 6.4336434901e-01 6.8241387425e-01 6.9350645811e-01 7.1301877404e-01
3.1015037594e+03 5.9751074713e-01 6.4088749521e-01 6.8009047784e-01 6.9132436616e-01 7.1093818925e-01
3.1203007519e+03 5.9481371556e-01 6.3841139163e-01 6.7776560073e-01 6.8914034129e-01 7.0885499131e-01
3.1390977444e+03 5.9212080513e-01 6.3593613599e-01 6.7543943294e-01 6.8695458245e-01 7.0676939895e-01
3.1578947368e+03 5.8943246759e-01 6.3346183073e-01 6.7311209162e-01 6.8476710814e-01 7.0468152939e-01
3.1766917293e+03 5.8674878785e-01 6.3098852826e-01 6.7078369476e-01 6.8257794616e-01 7.0259147098e-01
3.1954887218e+03 5.8406959074e-01 6.2851645507e-01 6.6845434837e-01 6.8038749756e-01 7.0049927052e-01
3.2142857143e+03 5.8139547649e-01 6.2604555144e-01 6.6612424843e-01 6.7819550180e-01 6.9840509636e-01
3.2330827068e+03 5.7872647192e-01 6.2357609020e-01 6.6379356080e-01 6.7600239277e-01 6.9630901419e-01
3.2518796992e+03 5.7606247098e-01 6.2110818476e-01 6.6146243530e-01 6.7380815471e-01 6.9421114768e-01
3.2706766917e+03 5.7340387666e-01 6.1864173718e-01 6.5913095071e-01 6.7161292412e-01 6.9211175726e-01
3.2894736842e+03 5.7075078879e-01 6.1617724435e-01 6.5679927082e-01 6.6941666731e-01 6.9001065372e-01
3.3082706767e+03 5.6810329247e-01 6.1371453200e-01 6.5446747106e-01 6.6721971300e-01 6.8790816786e-01
3.3270676692e+03 5.6546178103e-01 6.1125383080e-01 6.5213586092e-01 6.6502207253e-01 6.8580441535e-01
3.3458646617e+03 5.6282602988e-01 6.0879529011e-01 6.4980434683e-01 6.6282388140e-01 6.8369932701e-01
3.3646616541e+03 5.6019643142e-01 6.0633882436e-01 6.4747327387e-01 6.6062506450e-01 6.8159313053e-01
3.3834586466e+03 5.5757328891e-01 6.0388487771e-01 6.4514262996e-01 6.5842604552e-01 6.7948589567e-01
3.4022556391e+03 5.5495651377e-01 6.0143317562e-01 6.4281259774e-01 6.5622665109e-01 6.7737782590e-01
3.4210526316e+03 5.5234641156e-01 5.9898425375e-01 6.4048336358e-01 6.5402709475e-01 6.7526878399e-01
3.4398496241e+03 5.4974297129e-01 5.9653798393e-01 6.3815494874e-01 6.5182762120e-01 6.7315915904e-01
3.4586466165e+03 5.4714655427e-01 5.9409459828e-01 6.3582746050e-01 6.4962807072e-01 6.7104896338e-01
3.4774436090e+03 5.4455736264e-01 5.9165410068e-01 6.3350115722e-01 6.4742873880e-01 6.6893807858e-01
3.4962406015e+03 5.4197526616e-01 5.8921682459e-01 6.3117603569e-01 6.4522955762e-01 6.6682679674e-01
3.5150375940e+03 5.3940050251e-01 5.8678260049e-01 6.2885219866e-01 6.4303082397e-01 6.6471522262e-01
3.5338345865e+03 5.3683337512e-01 5.8435177205e-01 6.2652988465e-01 6.4083245842e-01 6.6260343702e-01
3.5526315789e+03 5.3427401425e-01 5.8192435973e-01 6.2420916057e-01 6.3863469279e-01 6.6049146629e-01
3.5714285714e+03 5.3172245466e-01 5.7950055293e-01 6.2189010841e-01 6.3643761235e-01 6.5837951164e-01
3.5902255639e+03 5.2917886538e-01 5.7708035060e-01 6.1957278576e-01 6.3424124614e-01 6.5626739894e-01
3.6090225564e+03 5.2664335557e-01 5.7466407977e-01 6.1725747888e-01 6.3204566466e-01 6.5415561517e-01
3.6278195489e+03 5.2411624128e-01 5.7225155152e-01 6.1494408852e-01 6.2985104636e-01 6.5204402503e-01
3.6466165414e+03 5.2159745595e-01 5.6984315601e-01 6.1263290039e-01 6.2765741964e-01 6.4993272860e-01
3.6654135338e+03 5.1908702307e-01 5.6743885806e-01 6.1032386781e-01 6.2546506039e-01 6.4782187613e-01
3.6842105263e+03 5.1658545879e-01 5.6503885795e-01 6.0801720029e-01 6.2327386026e-01 6.4571149981e-01
3.7030075188e+03 5.1409246016e-01 5.6264305575e-01 6.0571297897e-01 6.2108390133e-01 6.4360160088e-01
3.7218045113e+03 5.1160833080e-01 5.6025183808e-01 6.0341128882e-01 6.1889543252e-01 6.4149242277e-01
3.7406015038e+03 5.0913317711e-01 5.5786503093e-01 6.0111223710e-01 6.1670837472e-01 6.3938408043e-01
3.7593984962e+03 5.0666701513e-01 5.5548311283e-01 5.9881591477e-01 6.1452292150e-01 6.3727652950e-01
3.7781954887e+03 5.0421006171e-01 5.5310573871e-01 5.9652242607e-01 6.1233921103e-01 6.3516986537e-01
3.7969924812e+03 5.0176227046e-01 5.5073340397e-01 5.9423184087e-01 6.1015711410e-01 6.3306420853e-01
3.8157894737e+03 4.9932393549e-01 5.4836581749e-01 5.9194430269e-01 6.0797689820e-01 6.3095967418e-01
3.8345864662e+03 4.9689478562e-01 5.4600341601e-01 5.8965986380e-01 6.0579868883e-01 6.2885619269e-01
3.8533834586e+03 4.9447508772e-01 5.4364612212e-01 5.8737865420e-01 6.0362238364e-01 6.2675408791e-01
3.8721804511e+03 4.9206500719e-01 5.4129403153e-01 5.8510067488e-01 6.0144816773e-01 6.2465328564e-01
3.8909774436e+03 4.8966458990e-01 5.3894724093e-01 5.8282604659e-01 5.9927617477e-01 6.2255381509e-01
3.9097744361e+03 4.8727359104e-01 5.3660589148e-01 5.8055487189e-01 5.9710634515e-01 6.2045580586e-01
3.9285714286e+03 4.8489242687e-01 5.3426995600e-01 5.7828737512e-01 5.9493886513e-01 6.1835936468e-01
3.9473684211e+03 4.8252099446e-01 5.3193962922e-01 5.7602338973e-01 5.9277392611e-01 6.1626453853e-01
3.9661654135e+03 4.8015926092e-01 5.2961489112e-01 5.7376310648e-01 5.9061124147e-01 6.1417139693e-01
3.9849624060e+03 4.7780731892e-01 5.2729597015e-01 5.7150651441e-01 5.8845127598e-01 6.1207994801e-01
4.0037593985e+03 4.7546523766e-01 5.2498271479e-01 5.6925394789e-01 5.8629381770e-01 6.0999049441e-01
4.0225563910e+03 4.7313304450e-01 5.2267532319e-01 5.6700517307e-01 5.8413921654e-01 6.0790284421e-01
4.0413533835e+03 4.7081069295e-01 5.2037392870e-01 5.6476049943e-01 5.8198725955e-01 6.0581722731e-01
4.0601503759e+03 4.6849829340e-01 5.1807839848e-01 5.6251982903e-01 5.7983814766e-01 6.0373361000e-01
4.0789473684e+03 4.6619575215e-01 5.1578895093e-01 5.6028335121e-01 5.7769203999e-01 6.0165217088e-01
4.0977443609e+03 4.6390320026e-01 5.1350561054e-01 5.5805115347e-01 5.7554877743e-01 5.9957291057e-01
4.1165413534e+03 4.6162061652e-01 5.1122846902e-01 5.5582320147e-01 5.7340871204e-01 5.9749581934e-01
4.1353383459e+03 4.5934786495e-01 5.0895761750e-01 5.5359953456e-01 5.7127173850e-01 5.9542117697e-01
4.1541353383e+03 4.5708509803e-01 5.0669307312e-01 5.5138029241e-01 5.6913792679e-01 5.9334881700e-01
4.1729323308e+03 4.5483235200e-01 5.0443483702e-01 5.4916554499e-01 5.6700735489e-01 5.9127890127e-01
4.1917293233e+03 4.5258943190e-01 5.0218289496e-01 5.4695541594e-01 5.6488015053e-01 5.8921150871e-01
4.2105263158e+03 4.5035645915e-01 4.9993754705e-01 5.4474976193e-01 5.6275625051e-01 5.8714662120e-01
4.2293233083e+03 4.4813354697e-01 4.9769862997e-01 5.4254884586e-01 5.6063589642e-01 5.8508442978e-01
4.2481203008e+03 4.4592043412e-01 4.9546628039e-01 5.4035267357e-01 5.5851885725e-01 5.8302488708e-01
4.2669172932e+03 4.4371730361e-01 4.9324053544e-01 5.3816117834e-01 5.5640555204e-01 5.8096817080e-01
4.2857142857e+03 4.4152403010e-01 4.9102135039e-01 5.3597457066e-01 5.5429598718e-01 5.7891413146e-01
4.3045112782e+03 4.3934054016e-01 4.8880894475e-01 5.3379269943e-01 5.5218987361e-01 5.7686308755e-01
4.3233082707e+03 4.3716703851e-01 4.8660326589e-01 5.3161585744e-01 5.5008756143e-01 5.7481474919e-01
4.3421052632e+03 4.3500326224e-01 4.8440436575e-01 5.2944394773e-01 5.4798911909e-01 5.7276954782e-01
4.3609022556e+03 4.3284942105e-01 4.8221224366e-01 5.2727699837e-01 5.4589443248e-01 5.7072733480e-01
4.3796992481e+03 4.3070536550e-01 4.8002705821e-01 5.2511524476e-01 5.4380374149e-01 5.6868816717e-01
4.3984962406e+03 4.2857116180e-01 4.7784871445e-01 5.2295837309e-01 5.4171704144e-01 5.6665218151e-01
4.4172932331e+03 4.2644664326e-01 4.7567715707e-01 5.2080681209e-01 5.3963430712e-01 5.6461928483e-01
4.4360902256e+03 4.2433198214e-01 4.7351280286e-01 5.1866032476e-01 5.3755570144e-01 5.6258975081e-01
4.4548872180e+03 4.2222697165e-01 4.7135533018e-01 5.1651909710e-01 5.3548118195e-01 5.6056335466e-01
4.4736842105e+03 4.2013170913e-01 4.6920501576e-01 5.1438326964e-01 5.3341082032e-01 5.5854034709e-01
4.4924812030e+03 4.1804606087e-01 4.6706165406e-01 5.1225251499e-01 5.3134455581e-01 5.5652077114e-01
4.5112781955e+03 4.1597014748e-01 4.6492540818e-01 5.1012715349e-01 5.2928280381e-01 5.5450454685e-01
4.5300751880e+03 4.1390397909e-01 4.6279627634e-01 5.0800723273e-01 5.2722539443e-01 5.5249179549e-01
4.5488721805e+03 4.1184731565e-01 4.6067443300e-01 5.0589266268e-01 5.2517216366e-01 5.5048257683e-01
4.5676691729e+03 4.0980025200e-01 4.5855974064e-01 5.0378349333e-01 5.2312355717e-01 5.4847676975e-01
4.5864661654e+03 4.0776291197e-01 4.5645226557e-01 5.0167974958e-01 5.2107928175e-01 5.4647475872e-01
4.6052631579e+03 4.0573518960e-01 4.5435200781e-01 4.9958159767e-01 5.1903953765e-01 5.4447631196e-01
4.6240601504e+03 4.0371686575e-01 4.5225918655e-01 4.9748892305e-01 5.1700435087e-01 5.4248161458e-01
4.6428571429e+03 4.0170816770e-01 4.5017355412e-01 4.9540171729e-01 5.1497380670e-01 5.4049053575e-01
4.6616541353e+03 3.9970896655e-01 4.4809541431e-01 4.9332008400e-01 5.1294791707e-01 5.3850327582e-01
4.6804511278e+03 3.9771928496e-01 4.4602457158e-01 4.9124412190e-01 5.1092678555e-01 5.3651984060e-01
4.6992481203e+03 3.9573908687e-01 4.4396111671e-01 4.8917378415e-01 5.0891023368e-01 5.3454027581e-01
4.7180451128e+03 3.9376836220e-01 4.4190500020e-01 4.8710898178e-01 5.0689857516e-01 5.3256453603e-01
4.7368421053e+03 3.9180706081e-01 4.3985650174e-01 4.8504985594e-01 5.0489171883e-01 5.3059271615e-01
4.7556390977e+03 3.8985512894e-01 4.3781546495e-01 4.8299657746e-01 5.0288967512e-01 5.2862482608e-01
4.7744360902e+03 3.8791269994e-01 4.3578180987e-01 4.8094891905e-01 5.0089251171e-01 5.2666096441e-01
4.7932330827e+03 3.8597956606e-01 4.3375576415e-01 4.7890703187e-01 4.9890035505e-01 5.2470112173e-01
4.8120300752e+03 3.8405589313e-01 4.3173726428e-01 4.7687084634e-01 4.9691318259e-01 5.2274526855e-01
4.8308270677e+03 3.8214150440e-01 4.2972635049e-01 4.7484042851e-01 4.9493107767e-01 5.2079364073e-01
4.8496240602e+03 3.8023643513e-01 4.2772296524e-01 4.7281587505e-01 4.9295383793e-01 5.1884606626e-01
4.8684210526e+03 3.7834060554e-01 4.2572729221e-01 4.7079719854e-01 4.9098176138e-01 5.1690263254e-01
4.8872180451e+03 3.7645421957e-01 4.2373921578e-01 4.6878412452e-01 4.8901480290e-01 5.1496339568e-01
4.9060150376e+03 3.7457703900e-01 4.2175870690e-01 4.6677713640e-01 4.8705308674e-01 5.1302839270e-01
4.9248120301e+03 3.7270902123e-01 4.1978586972e-01 4.6477599143e-01 4.8509644526e-01 5.1109758403e-01
4.9436090226e+03 3.7085028136e-01 4.1782076762e-01 4.6278059797e-01 4.8314509658e-01 5.0917113880e-01
4.9624060150e+03 3.6900071935e-01 4.1586334638e-01 4.6079128472e-01 4.8119900848e-01 5.0724898802e-01
4.9812030075e+03 3.6716028650e-01 4.1391355197e-01 4.5880791872e-01 4.7925823284e-01 5.0533115944e-01
5.0000000000e+03 3.6532907994e-01 4.1197154213e-01 4.5683038391e-01 4.7732271859e-01 5.0341765009e-01
5.0187969925e+03 3.6350691466e-01 4.1003723139e-01 4.5485896673e-01 4.7539260897e-01 5.0150860427e-01
5.0375939850e+03 3.6169389722e-01 4.0811062085e-01 4.5289349593e-01 4.7346775929e-01 4.9960398258e-01
5.0563909774e+03 3.5988992781e-01 4.0619183038e-01 4.5093398025e-01 4.7154842343e-01 4.9770376535e-01
5.0751879699e+03 3.5809503457e-01 4.0428065767e-01 4.4898058684e-01 4.6963446534e-01 4.9580802758e-01
5.0939849624e+03 3.5630904977e-01 4.0237740466e-01 4.4703324360e-01 4.6772606739e-01 4.9391682621e-01
5.1127819549e+03 3.5453223709e-01 4.0048184464e-01 4.4509198892e-01 4.6582300485e-01 4.9203013397e-01
5.1315789474e+03 3.5276422365e-01 3.9859398867e-01 4.4315676157e-01 4.6392554846e-01 4.9014799601e-01
5.1503759398e+03 3.5100524410e-01 3.9671405347e-01 4.4122767429e-01 4.6203361228e-01 4.8827052013e-01
5.1691729323e+03 3.4925517441e-01 3.9484172250e-01 4.3930476588e-01 4.6014725204e-01 4.8639741965e-01
5.1879699248e+03 3.4751391052e-01 3.9297727608e-01 4.3738799025e-01 4.5826655925e-01 4.8452914218e-01
5.2067669173e+03 3.4578164948e-01 3.9112054720e-01 4.3547742488e-01 4.5639147154e-01 4.8266539474e-01
5.2255639098e+03 3.4405806363e-01 3.8927153759e-01 4.3357306773e-01 4.5452198625e-01 4.8080639030e-01
5.2443609023e+03 3.4234335344e-01 3.8743037997e-01 4.3167483289e-01 4.5265814759e-01 4.7895210844e-01
5.2631578947e+03 3.4063734146e-01 3.8559697935e-01 4.2978285680e-01 4.5079993136e-01 4.7710241667e-01
5.2819548872e+03 3.3894007831e-01 3.8377130434e-01 4.2789723543e-01 4.4894741290e-01 4.7525754167e-01
5.3007518797e+03 3.3725153308e-01 3.8195335781e-01 4.2601773471e-01 4.4710068987e-01 4.7341743076e-01
5.3195488722e+03 3.3557179258e-01 3.8014322919e-01 4.2414460072e-01 4.4525974139e-01 4.7158203923e-01
5.3383458647e+03 3.3390071395e-01 3.7834072279e-01 4.2227775619e-01 4.4342446558e-01 4.6975143446e-01
5.3571428571e+03 3.3223810828e-01 3.7654607677e-01 4.2041721854e-01 4.4159494434e-01 4.6792576643e-01
5.3759398496e+03 3.3058425829e-01 3.7475892718e-01 4.1856318751e-01 4.3977126194e-01 4.6610486676e-01
5.3947368421e+03 3.2893891216e-01 3.7297964176e-01 4.1671532249e-01 4.3795339951e-01 4.6428889442e-01
5.4135338346e+03 3.2730216047e-01 3.7120801820e-01 4.1487386386e-01 4.3614132164e-01 4.6247767860e-01
5.4323308271e+03 3.2567383549e-01 3.6944401173e-01 4.1303892113e-01 4.3433521018e-01 4.6067139219e-01
5.4511278195e+03 3.2405406479e-01 3.6768774842e-01 4.1121033309e-01 4.3253476269e-01 4.5887011185e-01
5.4699248120e+03 3.2244277580e-01 3.6593901587e-01 4.0938824790e-01 4.3074030926e-01 4.5707366688e-01
5.4887218045e+03 3.2083997576e-01 3.6419806672e-01 4.0757249948e-01 4.2895168014e-01 4.5528224167e-01
5.5075187970e+03 3.1924550472e-01 3.6246460841e-01 4.0576326284e-01 4.2716892758e-01 4.5349573712e-01
5.5263157895e+03 3.1765943177e-01 3.6073880047e-01 4.0396048630e-01 4.2539217913e-01 4.5171424608e-01
5.5451127820e+03 3.1608181315e-01 3.5902051150e-01 4.0216428281e-01 4.2362123808e-01 4.4993770896e-01
5.5639097744e+03 3.1451252188e-01 3.5730985999e-01 4.0037457844e-01 4.2185622854e-01 4.4816627041e-01
5.5827067669e+03 3.1295145079e-01 3.5560663449e-01 3.9859141520e-01 4.2009714782e-01 4.4639979568e-01
5.6015037594e+03 3.1139869874e-01 3.5391105592e-01 3.9681475083e-01 4.1834402109e-01 4.4463844929e-01
5.6203007519e+03 3.0985419578e-01 3.5222290995e-01 3.9504478296e-01 4.1659687408e-01 4.4288212642e-01
5.6390977444e+03 3.0831794458e-01 3.5054227365e-01 3.9328126865e-01 4.1485561319e-01 4.4113093116e-01
5.6578947368e+03 3.0678993338e-01 3.4886900637e-01 3.9152438805e-01 4.1312028852e-01 4.3938479808e-01
5.6766917293e+03 3.0527015578e-01 3.4720320332e-01 3.8977404828e-01 4.1139104221e-01 4.3764383668e-01
5.6954887218e+03 3.0375844311e-01 3.4554490914e-01 3.8803039004e-01 4.0966771490e-01 4.3590796808e-01
5.7142857143e+03 3.0225481941e-01 3.4389396902e-01 3.8629335222e-01 4.0795031708e-01 4.3417731412e-01
5.7330827068e+03 3.0075942419e-01 3.4225035406e-01 3.8456297522e-01 4.0623884497e-01 4.3245157207e-01
5.7518796992e+03 2.9927201748e-01 3.4061417679e-01 3.8283915729e-01 4.0453348500e-01 4.3073129668e-01
5.7706766917e+03 2.9779264662e-01 3.3898537682e-01 3.8112205928e-01 4.0283407612e-01 4.2901612432e-01
5.7894736842e+03 2.9632133829e-01 3.3736380510e-01 3.7941163086e-01 4.0114055852e-01 4.2730611129e-01
5.8082706767e+03 2.9485796505e-01 3.3574951270e-01 3.7770783959e-01 3.9945313658e-01 4.2560143276e-01
5.8270676692e+03 2.9340261124e-01 3.3414250204e-01 3.7601076419e-01 3.9777162423e-01 4.2390177105e-01
5.8458646617e+03 2.9195511586e-01 3.3254278634e-01 3.7432034983e-01 3.9609607545e-01 4.2220746697e-01
5.8646616541e+03 2.9051555766e-01 3.3095021296e-01 3.7263658654e-01 3.9442658107e-01 4.2051833705e-01
5.8834586466e+03 2.8908382145e-01 3.2936483574e-01 3.7095957124e-01 3.9276311049e-01 4.1883455024e-01
5.9022556391e+03 2.8765990799e-01 3.2778678323e-01 3.6928924914e-01 3.9110556385e-01 4.1715612305e-01
5.9210526316e+03 2.8624393142e-01 3.2621586437e-01 3.6762564215e-01 3.8945390482e-01 4.1548289249e-01
5.9398496241e+03 2.8483547850e-01 3.2465204239e-01 3.6596873920e-01 3.8780834671e-01 4.1381487838e-01
5.9586466165e+03 2.8343488989e-01 3.2309543186e-01 3.6431860269e-01 3.8616875019e-01 4.1215222951e-01
5.9774436090e+03 2.8204197170e-01 3.2154582947e-01 3.6267511640e-01 3.8453506731e-01 4.1049488916e-01
5.9962406015e+03 2.8065663868e-01 3.2000337473e-01 3.6103840084e-01 3.8290750105e-01 4.0884286248e-01
6.0150375940e+03 2.7927897725e-01 3.1846798162e-01 3.5940837290e-01 3.8128569087e-01 4.0719623127e-01
6.0338345865e+03 2.7790889306e-01 3.1693961577e-01 3.5778502944e-01 3.7966997509e-01 4.0555495697e-01
6.0526315789e+03 2.7654623063e-01 3.1541829123e-01 3.5616842037e-01 3.7806019091e-01 4.0391893618e-01
6.0714285714e+03 2.7519113363e-01 3.1390402653e-01 3.5455854354e-01 3.7645638335e-01 4.0228832403e-01
6.0902255639e+03 2.7384341222e-01 3.1239676489e-01 3.5295536800e-01 3.7485850533e-01 4.0066310822e-01
6.1090225564e+03 2.7250308769e-01 3.1089632712e-01 3.5135888095e-01 3.7326647330e-01 3.9904332439e-01
6.1278195489e+03 2.7117019334e-01 3.0940303823e-01 3.4976910818e-01 3.7168045723e-01 3.9742885753e-01
6.1466165414e+03 2.6984461460e-01 3.0791655110e-01 3.4818603432e-01 3.7010038775e-01 3.9581974536e-01
6.1654135338e+03 2.6852618528e-01 3.0643709250e-01 3.4660965366e-01 3.6852624611e-01 3.9421597522e-01
6.1842105263e+03 2.6721496452e-01 3.0496451716e-01 3.4503994543e-01 3.6695795069e-01 3.9261766696e-01
6.2030075188e+03 2.6591093663e-01 3.0349884060e-01 3.4347699488e-01 3.6539561051e-01 3.9102484067e-01
6.2218045113e+03 2.6461406209e-01 3.0203991760e-01 3.4192065377e-01 3.6383922119e-01 3.8943736871e-01
6.2406015038e+03 2.6332421335e-01 3.0058790948e-01 3.4037108268e-01 3.6228860642e-01 3.8785529528e-01
6.2593984962e+03 2.6204134186e-01 2.9914266778e-01 3.3882808631e-01 3.6074387031e-01 3.8627866660e-01
6.2781954887e+03 2.6076545743e-01 2.9770430479e-01 3.3729174590e-01 3.5920513034e-01 3.8470742107e-01
6.2969924812e+03 2.5949654849e-01 2.9627279291e-01 3.3576213861e-01 3.5767223705e-01 3.8314174133e-01
6.3157894737e+03 2.5823448984e-01 2.9484800103e-01 3.3423911225e-01 3.5614519053e-01 3.8158127727e-01
6.3345864662e+03 2.5697916936e-01 2.9342990733e-01 3.3272259455e-01 3.5462393331e-01 3.8002635754e-01
6.3533834586e+03 2.5573059114e-01 2.9201863809e-01 3.3121286014e-01 3.5310859993e-01 3.7847689861e-01
6.3721804511e+03 2.5448885512e-01 2.9061402624e-01 3.2970967686e-01 3.5159893029e-01 3.7693294943e-01
6.3909774436e+03 2.5325370068e-01 2.8921620273e-01 3.2821310739e-01 3.5009520621e-01 3.7539440647e-01
6.4097744361e+03 2.5202511608e-01 2.8782488344e-01 3.2672311663e-01 3.4859728684e-01 3.7386120928e-01
6.4285714286e+03 2.5080307822e-01 2.8644033237e-01 3.2523966594e-01 3.4710521914e-01 3.7233352182e-01
6.4473684211e+03 2.4958765238e-01 2.8506244542e-01 3.2376279982e-01 3.4561880860e-01 3.7081125483e-01
6.4661654135e+03 2.4837860725e-01 2.8369112072e-01 3.2229254932e-01 3.4413834605e-01 3.6929447684e-01
6.4849624060e+03 2.4717599058e-01 2.8232637002e-01 3.2082873326e-01 3.4266352692e-01 3.6778311690e-01
6.5037593985e+03 2.4597971047e-01 2.8096826328e-01 3.1937152946e-01 3.4119456127e-01 3.6627723442e-01
6.5225563910e+03 2.4478977721e-01 2.7961665792e-01 3.1792073915e-01 3.3973135083e-01 3.6477686052e-01
6.5413533835e+03 2.4360602095e-01 2.7827161294e-01 3.1647655073e-01 3.3827382499e-01 3.6328184815e-01
6.5601503759e+03 2.4242861364e-01 2.7693304794e-01 3.1503866917e-01 3.3682203865e-01 3.6179231178e-01
6.5789473684e+03 2.4125738982e-01 2.7560098021e-01 3.1360732742e-01 3.3537607377e-01 3.6030817469e-01
6.5977443609e+03 2.4009214102e-01 2.7427545637e-01 3.1218251124e-01 3.3393581132e-01 3.5882956683e-01
6.6165413534e+03 2.3893308695e-01 2.7295624461e-01 3.1076409715e-01 3.3250111950e-01 3.5735633646e-01
6.6353383459e+03 2.3777997947e-01 2.7164351593e-01 3.0935204261e-01 3.3107221643e-01 3.5588856721e-01
6.6541353383e+03 2.3663294635e-01 2.7033724148e-01 3.0794640000e-01 3.2964894750e-01 3.5442627896e-01
6.6729323308e+03 2.3549176645e-01 2.6903730608e-01 3.0654718292e-01 3.2823136475e-01 3.5296937950e-01
6.6917293233e+03 2.3435660123e-01 2.6774366581e-01 3.0515431094e-01 3.2681951857e-01 3.5151787108e-01
6.7105263158e+03 2.3322727039e-01 2.6645645103e-01 3.0376782248e-01 3.2541325436e-01 3.5007188317e-01
6.7293233083e+03 2.3210376990e-01 2.6517547316e-01 3.0238761610e-01 3.2401267281e-01 3.4863121180e-01
6.7481203008e+03 2.3098607171e-01 2.6390081680e-01 3.0101372987e-01 3.2261764384e-01 3.4719597959e-01
6.7669172932e+03 2.2987408252e-01 2.6263240749e-01 2.9964612936e-01 3.2122829679e-01 3.4576628173e-01
6.7857142857e+03 2.2876784793e-01 2.6137025558e-01 2.9828482705e-01 3.1984452086e-01 3.4434195808e-01
6.8045112782e+03 2.2766731615e-01 2.6011427432e-01 2.9692982969e-01 3.1846635641e-01 3.4292295927e-01
6.8233082707e+03 2.2657238672e-01 2.5886448654e-01 2.9558099614e-01 3.1709377671e-01 3.4150946939e-01
6.8421052632e+03 2.2548314978e-01 2.5762086560e-01 2.9423844870e-01 3.1572679662e-01 3.4010118625e-01
6.8609022556e+03 2.2439939777e-01 2.5638342494e-01 2.9290199912e-01 3.1436538556e-01 3.3869841280e-01
6.8796992481e+03 2.2332119416e-01 2.5515203030e-01 2.9157182269e-01 3.1300949206e-01 3.3730105185e-01
6.8984962406e+03 2.2224859885e-01 2.5392680255e-01 2.9024787626e-01 3.1165908333e-01 3.3590904692e-01
6.9172932331e+03 2.2118142735e-01 2.5270755175e-01 2.8892994229e-01 3.1031426558e-01 3.3452240805e-01
6.9360902256e+03 2.2011975770e-01 2.5149445205e-01 2.8761822232e-01 3.0897499154e-01 3.3314110272e-01
6.9548872180e+03 2.1906343028e-01 2.5028730621e-01 2.8631249885e-01 3.0764110347e-01 3.3176516760e-01
6.9736842105e+03 2.1801259295e-01 2.4908614014e-01 2.8501297944e-01 3.0631279754e-01 3.3039454929e-01
6.9924812030e+03 2.1696708027e-01 2.4789090498e-01 2.8371943100e-01 3.0499007654e-01 3.2902934214e-01
7.0112781955e+03 2.1592689628e-01 2.4670169100e-01 2.8243191363e-01 3.0367265798e-01 3.2766943170e-01
7.0300751880e+03 2.1489210035e-01 2.4551834223e-01 2.8115050679e-01 3.0236078524e-01 3.2631476613e-01
7.0488721805e+03 2.1386250174e-01 2.4434091573e-01 2.7987515035e-01 3.0105426518e-01 3.2496552912e-01
7.0676691729e+03 2.1283819183e-01 2.4316928200e-01 2.7860573994e-01 2.9975313590e-01 3.2362160056e-01
7.0864661654e+03 2.1181919737e-01 2.4200358203e-01 2.7734224732e-01 2.9845748933e-01 3.2228288335e-01
7.1052631579e+03 2.1080535838e-01 2.4084364027e-01 2.7608468312e-01 2.9716732848e-01 3.2094946426e-01
7.1240601504e+03 2.0979672013e-01 2.3968953079e-01 2.7483305889e-01 2.9588242546e-01 3.1962141378e-01
7.1428571429e+03 2.0879321133e-01 2.3854115534e-01 2.7358733551e-01 2.9460289498e-01 3.1829858233e-01
7.1616541353e+03 2.0779497693e-01 2.3739855506e-01 2.7234750786e-01 2.9332889216e-01 3.1698101000e-01
7.1804511278e+03 2.0680172520e-01 2.3626153774e-01 2.7111348166e-01 2.9206013961e-01 3.1566864237e-01
7.1992481203e+03 2.0581357423e-01 2.3513032907e-01 2.6988528717e-01 2.9079668323e-01 3.1436150211e-01
7.2180451128e+03 2.0483050067e-01 2.3400479303e-01 2.6866293817e-01 2.8953856040e-01 3.1305971666e-01
7.2368421053e+03 2.0385253661e-01 2.3288488499e-01 2.6744642549e-01 2.8828574314e-01 3.1176294455e-01
7.2556390977e+03 2.0287957970e-01 2.3177063024e-01 2.6623556054e-01 2.8703820921e-01 3.1047144340e-01
7.2744360902e+03 2.0191154392e-01 2.3066189771e-01 2.6503062001e-01 2.8579599638e-01 3.0918519825e-01
7.2932330827e+03 2.0094852004e-01 2.2955879259e-01 2.6383124169e-01 2.8455904416e-01 3.0790419461e-01
7.3120300752e+03 1.9999051207e-01 2.2846117818e-01 2.6263763252e-01 2.8332728980e-01 3.0662829862e-01
7.3308270677e+03 1.9903738130e-01 2.2736913397e-01 2.6144967491e-01 2.8210085877e-01 3.0535757258e-01
7.3496240602e+03 1.9808924336e-01 2.2628247961e-01 2.6026741068e-01 2.8087964690e-01 3.0409197543e-01
7.3684210526e+03 1.9714591618e-01 2.2520137849e-01 2.5909066956e-01 2.7966356921e-01 3.0283146272e-01
7.3872180451e+03 1.9620749865e-01 2.2412571037e-01 2.5791966688e-01 2.7845272775e-01 3.0157615574e-01
7.4060150376e+03 1.9527392928e-01 2.2305548263e-01 2.5675419229e-01 2.7724697217e-01 3.0032589069e-01
7.4248120301e+03 1.9434511324e-01 2.2199068013e-01 2.5559433466e-01 2.7604658007e-01 2.9908075423e-01
7.4436090226e+03 1.9342114178e-01 2.2093112027e-01 2.5443996413e-01 2.7485111885e-01 2.9784074114e-01
7.4624060150e+03 1.9250187801e-01 2.1987689595e-01 2.5329116280e-01 2.7366093588e-01 2.9660587600e-01
7.4812030075e+03 1.9158748828e-01 2.1882809582e-01 2.5214784066e-01 2.7247574127e-01 2.9537590214e-01
7.5000000000e+03 1.9067777485e-01 2.1778449302e-01 2.5101001295e-01 2.7129580496e-01 2.9415110016e-01
