time_us curve_1 curve_5 curve_10 curve_30 curve_70 curve_100 curve_1000
0.0000000000e+00 9.3040020649e-01 9.3127725880e-01 9.3095974283e-01 9.3150003631e-01 9.3033228588e-01 9.2772400875e-01 9.3190724606e-01
7.5187969925e+01 9.3037214254e-01 9.3074871419e-01 9.3012912243e-01 9.3062872190e-01 9.2826595519e-01 9.2478847240e-01 9.0968315782e-01
1.5037593985e+02 9.3029398956e-01 9.2997726979e-01 9.2883542784e-01 9.2838315577e-01 9.2261944302e-01 9.1649706639e-01 8.4270557232e-01
2.2556390977e+02 9.3016563981e-01 9.2896860289e-01 9.2708112823e-01 9.2479716117e-01 9.1345172316e-01 9.0322684702e-01 7.4815320710e-01
3.0075187970e+02 9.2998665843e-01 9.2772775693e-01 9.2486815566e-01 9.1991084041e-01 9.0092564697e-01 8.8562249159e-01 6.4404906315e-01
3.7593984962e+02 9.2975688709e-01 9.2626012026e-01 9.2219877194e-01 9.1376299504e-01 8.8532064974e-01 8.6434492266e-01 5.4313888089e-01
4.5112781955e+02 9.2947630401e-01 9.2457028699e-01 9.1907551772e-01 9.0638599929e-01 8.6700963450e-01 8.3994944965e-01 4.5249348878e-01
5.2631578947e+02 9.2914462290e-01 9.2266290450e-01 9.1550200641e-01 8.9780743134e-01 8.4640536914e-01 8.1294719458e-01 3.7419702784e-01
6.0150375940e+02 9.2876180714e-01 9.2054210139e-01 9.1148307439e-01 8.8805670442e-01 8.2390575058e-01 7.8386121934e-01 3.0874968260e-01
6.7669172932e+02 9.2832776965e-01 9.1821160568e-01 9.0702522786e-01 8.7717386614e-01 7.9986807083e-01 7.5317074118e-01 2.5483331725e-01
7.5187969925e+02 9.2784231387e-01 9.1567434160e-01 9.0213693098e-01 8.6521600991e-01 7.7460620816e-01 7.2126016248e-01 2.1065065189e-01
8.2706766917e+02 9.2730557500e-01 9.1293341473e-01 8.9682884279e-01 8.5225912891e-01 7.4838826160e-01 6.8848369837e-01 1.7444634465e-01
9.0225563910e+02 9.2671738754e-01 9.0999090782e-01 8.9111381711e-01 8.3839411350e-01 7.2143907166e-01 6.5526078749e-01 1.4490002496e-01
9.7744360902e+02 9.2607792570e-01 9.0684890286e-01 8.8500689703e-01 8.2371887255e-01 6.9396315153e-01 6.2207528176e-01 1.2084356837e-01
1.0526315789e+03 9.2538714331e-01 9.0350909178e-01 8.7852510324e-01 8.0833126581e-01 6.6617834741e-01 5.8938312157e-01 1.0124223544e-01
1.1278195489e+03 9.2464520867e-01 8.9997296002e-01 8.7168720474e-01 7.9232465045e-01 6.3832378077e-01 5.5751771345e-01 8.5258959201e-02
1.2030075188e+03 9.2385214053e-01 8.9624172198e-01 8.6451314787e-01 7.7578604974e-01 6.1063387236e-01 5.2665902786e-01 7.2212901477e-02
1.2781954887e+03 9.2300827528e-01 8.9231703752e-01 8.5702312913e-01 7.5879846145e-01 5.8330760431e-01 4.9687576121e-01 6.1520867588e-02
1.3533834586e+03 9.2211374941e-01 8.8820039037e-01 8.4923781098e-01 7.4144344029e-01 5.5649997933e-01 4.6820162387e-01 5.2703782944e-02
1.4285714286e+03 9.2116875067e-01 8.8389390218e-01 8.4117739700e-01 7.2380310426e-01 5.3033081338e-01 4.4069037740e-01 4.5377644809e-02
1.5037593985e+03 9.2017360848e-01 8.7939990854e-01 8.3286122180e-01 7.0596124224e-01 5.0489608363e-01 4.1442033401e-01 3.9253875347e-02
1.5789473684e+03 9.1912868170e-01 8.7472149096e-01 8.2430784201e-01 6.8800135376e-01 4.8027096857e-01 3.8946878711e-01 3.4122769484e-02
1.6541353383e+03 9.1803427747e-01 8.6986231162e-01 8.1553472510e-01 6.7000393894e-01 4.5651006521e-01 3.6588589980e-01 2.9814894990e-02
1.7293233083e+03 9.1689086386e-01 8.6482669929e-01 8.0655865911e-01 6.5204282102e-01 4.3365141917e-01 3.4368387257e-01 2.6179666953e-02
1.8045112782e+03 9.1569875836e-01 8.5961989911e-01 7.9739558702e-01 6.3418246591e-01 4.1172327735e-01 3.2283672740e-01 2.3091741478e-02
1.8796992481e+03 9.1445857958e-01 8.5424760860e-01 7.8806104867e-01 6.1647687742e-01 3.9074789957e-01 3.0328848586e-01 2.0457848785e-02
1.9548872180e+03 9.1317077153e-01 8.4871609152e-01 7.7857015332e-01 5.9896980097e-01 3.7074065186e-01 2.8496519875e-01 1.8207646550e-02
2.0300751880e+03 9.1183591444e-01 8.4303244500e-01 7.6893768041e-01 5.8169669026e-01 3.5170564547e-01 2.6778723033e-01 1.6278770343e-02
2.1052631579e+03 9.1045453489e-01 8.3720384229e-01 7.5917801914e-01 5.6468606400e-01 3.3363300893e-01 2.5168122788e-01 1.4613590633e-02
2.1804511278e+03 9.0902726636e-01 8.3123801638e-01 7.4930544061e-01 5.4796048466e-01 3.1649976009e-01 2.3658397582e-01 1.3164069194e-02
2.2556390977e+03 9.0755467895e-01 8.2514269600e-01 7.3933347043e-01 5.3153774796e-01 3.0027370166e-01 2.2244210904e-01 1.1893829598e-02
2.3308270677e+03 9.0603756670e-01 8.1892595022e-01 7.2927540468e-01 5.1543154889e-01 2.8491812221e-01 2.0920866136e-01 1.0775952500e-02
2.4060150376e+03 9.0447647464e-01 8.1259565118e-01 7.1914435034e-01 4.9965268171e-01 2.7039509720e-01 1.9683930068e-01 9.7901423777e-03
2.4812030075e+03 9.0287222830e-01 8.0615975369e-01 7.0895246075e-01 4.8421065337e-01 2.5666724098e-01 1.8528691102e-01 8.9197479677e-03
2.5563909774e+03 9.0122562799e-01 7.9962598510e-01 6.9871264300e-01 4.6911517789e-01 2.4369605735e-01 1.7449972860e-01 8.1494731027e-03
2.6315789474e+03 8.9953719777e-01 7.9300174346e-01 6.8843659673e-01 4.5437628208e-01 2.3144173770e-01 1.6442296627e-01 7.4654237427e-03
2.7067669173e+03 8.9780797138e-01 7.8629449633e-01 6.7813688524e-01 4.4000437568e-01 2.1986313652e-01 1.5500283377e-01 6.8555962170e-03
2.7819548872e+03 8.9603841557e-01 7.7951121423e-01 6.6782597780e-01 4.2600865485e-01 2.0891832700e-01 1.4619125724e-01 6.3105508496e-03
2.8571428571e+03 8.9422954737e-01 7.7265863030e-01 6.5751611890e-01 4.1239648178e-01 1.9856742166e-01 1.3794575172e-01 5.8226250063e-03
2.9323308271e+03 8.9238213513e-01 7.6574348851e-01 6.4721991454e-01 3.9917163701e-01 1.8877402425e-01 1.3022865323e-01 5.3852341045e-03
3.0075187970e+03 8.9049689744e-01 7.5877180785e-01 6.3694953436e-01 3.8633453374e-01 1.7950585757e-01 1.2300542812e-01 4.9925016869e-03
3.0827067669e+03 8.8857460086e-01 7.5174962143e-01 6.2671715030e-01 3.7388202067e-01 1.7073443310e-01 1.1624363785e-01 4.6388955132e-03
3.1578947368e+03 8.8661604088e-01 7.4468230257e-01 6.1653404957e-01 3.6180875582e-01 1.6243398760e-01 1.0991249529e-01 4.3194087974e-03
3.2330827068e+03 8.8462209175e-01 7.3757541338e-01 6.0641116322e-01 3.5010719229e-01 1.5458072978e-01 1.0398272019e-01 4.0300763295e-03
3.3082706767e+03 8.8259326832e-01 7.3043372086e-01 5.9635827882e-01 3.3876845802e-01 1.4715271349e-01 9.8426109182e-02 3.7679353335e-03
3.3834586466e+03 8.8053059615e-01 7.2326217400e-01 5.8638407313e-01 3.2778281545e-01 1.4012916325e-01 9.3215964414e-02 3.5306205665e-03
3.4586466165e+03 8.7843459032e-01 7.1606504177e-01 5.7649630477e-01 3.1714039525e-01 1.3349072223e-01 8.8326920768e-02 3.3158290633e-03
3.5338345865e+03 8.7630619904e-01 7.0884689359e-01 5.6670110747e-01 3.0683138837e-01 1.2721852543e-01 8.3735508029e-02 3.1208461869e-03
3.6090225564e+03 8.7414586057e-01 7.0161164146e-01 5.5700359561e-01 2.9684620349e-01 1.2129373048e-01 7.9421063140e-02 2.9428851659e-03
3.6842105263e+03 8.7195440888e-01 6.9436342130e-01 5.4740774818e-01 2.8717680503e-01 1.1569722003e-01 7.5365259063e-02 2.7793408903e-03
3.7593984962e+03 8.6973238498e-01 6.8710592316e-01 5.3791612751e-01 2.7781608675e-01 1.1040963741e-01 7.1552272992e-02 2.6280800085e-03
3.8345864662e+03 8.6748044859e-01 6.7984312652e-01 5.2853051976e-01 2.6875795631e-01 1.0541177282e-01 6.7967924457e-02 2.4875535787e-03
3.9097744361e+03 8.6519923901e-01 6.7257873411e-01 5.1925195404e-01 2.5999717920e-01 1.0068502254e-01 6.4599316893e-02 2.3566698987e-03
3.9849624060e+03 8.6288926268e-01 6.6531630086e-01 5.1008041476e-01 2.5152864383e-01 9.6211792420e-02 6.1433725199e-02 2.2345780929e-03
4.0601503759e+03 8.6055102329e-01 6.5805957658e-01 5.0101620070e-01 2.4334754116e-01 9.1975717397e-02 5.8458784437e-02 2.1206768956e-03
4.1353383459e+03 8.5818504357e-01 6.5081224355e-01 4.9205892253e-01 2.3544817668e-01 8.7961922567e-02 5.5662002421e-02 2.0142740903e-03
4.2105263158e+03 8.5579192922e-01 6.4357782237e-01 4.8320850612e-01 2.2782432304e-01 8.4156297301e-02 5.3031024494e-02 1.9147979817e-03
4.2857142857e+03 8.5337188397e-01 6.3635962425e-01 4.7446486418e-01 2.2046902682e-01 8.0546176435e-02 5.0553830188e-02 1.8216787280e-03
4.3609022556e+03 8.5092560571e-01 6.2916120700e-01 4.6582843742e-01 2.1337429688e-01 7.7119470140e-02 4.8218880996e-02 1.7344708795e-03
4.4360902256e+03 8.4845330790e-01 6.2198583832e-01 4.5730006285e-01 2.0653165987e-01 7.3865419524e-02 4.6015348106e-02 1.6527859165e-03
4.5112781955e+03 8.4595556058e-01 6.1483656715e-01 4.4888080458e-01 1.9993218165e-01 7.0773898799e-02 4.3933449543e-02 1.5762289595e-03
4.5864661654e+03 8.4343242780e-01 6.0771643755e-01 4.4057235589e-01 1.9356684172e-01 6.7836015422e-02 4.1964595266e-02 1.5044552110e-03
4.6616541353e+03 8.4088444996e-01 6.0062811737e-01 4.3237627807e-01 1.8742640548e-01 6.5043529634e-02 4.0101363733e-02 1.4370672818e-03
4.7368421053e+03 8.3831185052e-01 5.9357436169e-01 4.2429479131e-01 1.8150196211e-01 6.2389022063e-02 3.8337319664e-02 1.3737306137e-03
4.8120300752e+03 8.3571500808e-01 5.8655739573e-01 4.1632995394e-01 1.7578491724e-01 5.9865287650e-02 3.6666722314e-02 1.3141596130e-03
4.8872180451e+03 8.3309403868e-01 5.7957957566e-01 4.0848377178e-01 1.7026705337e-01 5.7465676962e-02 3.5084533430e-02 1.2581027882e-03
4.9624060150e+03 8.3044936130e-01 5.7264288504e-01 4.0075813124e-01 1.6494078003e-01 5.5183550719e-02 3.3586000186e-02 1.2053477855e-03
5.0375939850e+03 8.2778113777e-01 5.6574934844e-01 3.9315463224e-01 1.5979878672e-01 5.3012084210e-02 3.2166547136e-02 1.1557252675e-03
5.1127819549e+03 8.2508965465e-01 5.5890077787e-01 3.8567462651e-01 1.5483455497e-01 5.0944981631e-02 3.0821679726e-02 1.1091158065e-03
5.1879699248e+03 8.2237518132e-01 5.5209861436e-01 3.7831915023e-01 1.5004154098e-01 4.8975614381e-02 2.9547276310e-02 1.0653414893e-03
5.2631578947e+03 8.1963789825e-01 5.4534435622e-01 3.7108883410e-01 1.4541365503e-01 4.7098040134e-02 2.8339196894e-02 1.0242279812e-03
5.3383458647e+03 8.1687798767e-01 5.3863980516e-01 3.6398389197e-01 1.4094514695e-01 4.5306641233e-02 2.7193592789e-02 9.8556798686e-04
5.4135338346e+03 8.1409585843e-01 5.3198598547e-01 3.5700406162e-01 1.3663004711e-01 4.3596246661e-02 2.6106809698e-02 9.4920774861e-04
5.4887218045e+03 8.1129152616e-01 5.2538421213e-01 3.5014927181e-01 1.3246279775e-01 4.1962298209e-02 2.5075479942e-02 9.1493768841e-04
5.5639097744e+03 8.0846547944e-01 5.1883589013e-01 3.4341877385e-01 1.2843773724e-01 4.0400783580e-02 2.4096306570e-02 8.8259219011e-04
5.6390977444e+03 8.0561778459e-01 5.1234208631e-01 3.3681169042e-01 1.2454958197e-01 3.8908005092e-02 2.3166282531e-02 8.5199872350e-04
5.7142857143e+03 8.0274880642e-01 5.0590387198e-01 3.3032702442e-01 1.2079319872e-01 3.7480709946e-02 2.2282537627e-02 8.2298499631e-04
5.7894736842e+03 7.9985866711e-01 4.9952212028e-01 3.2396372244e-01 1.1716398691e-01 3.6115832541e-02 2.1442226151e-02 7.9544379326e-04
5.8646616541e+03 7.9694784839e-01 4.9319797959e-01 3.1772046318e-01 1.1365757612e-01 3.4810447853e-02 2.0642637195e-02 7.6923241741e-04
5.9398496241e+03 7.9401656444e-01 4.8693217536e-01 3.1159602882e-01 1.1026978739e-01 3.3561948024e-02 1.9881315565e-02 7.4427135495e-04
6.0150375940e+03 7.9106513757e-01 4.8072544048e-01 3.0558897930e-01 1.0699689125e-01 3.2367544456e-02 1.9155894079e-02 7.2044081603e-04
6.0902255639e+03 7.8809394673e-01 4.7457862100e-01 2.9969781871e-01 1.0383556587e-01 3.1224817826e-02 1.8464136876e-02 6.9771029307e-04
6.1654135338e+03 7.8510321952e-01 4.6849206082e-01 2.9392119009e-01 1.0078221490e-01 3.0131264435e-02 1.7803993381e-02 6.7602750733e-04
6.2406015038e+03 7.8209338385e-01 4.6246626239e-01 2.8825710299e-01 9.7833708172e-02 2.9084472960e-02 1.7173622862e-02 6.5536366129e-04
6.3157894737e+03 7.7906487755e-01 4.5650169820e-01 2.8270444146e-01 9.4986785156e-02 2.8082101993e-02 1.6571292239e-02 6.3565334968e-04
6.3909774436e+03 7.7601798466e-01 4.5059874481e-01 2.7726097814e-01 9.2238364643e-02 2.7121976823e-02 1.5995469591e-02 6.1688352889e-04
6.4661654135e+03 7.7295315506e-01 4.4475744045e-01 2.7192511665e-01 8.9585070522e-02 2.6202039065e-02 1.5444698740e-02 5.9900102817e-04
6.5413533835e+03 7.6987092979e-01 4.3897818151e-01 2.6669483065e-01 8.7023809926e-02 2.5320205079e-02 1.4917736056e-02 5.8194952463e-04
6.6165413534e+03 7.6677151516e-01 4.3326074486e-01 2.6156823745e-01 8.4551155773e-02 2.4474644989e-02 1.4413330998e-02 5.6570325060e-04
6.6917293233e+03 7.6365554229e-01 4.2760540204e-01 2.5654342776e-01 8.2163844615e-02 2.3663611334e-02 1.3930472050e-02 5.5017027265e-04
6.7669172932e+03 7.6052350458e-01 4.2201188638e-01 2.5161817371e-01 7.9858395550e-02 2.2885494697e-02 1.3468043321e-02 5.3533358753e-04
6.8421052632e+03 7.5737574495e-01 4.1648026984e-01 2.4679064448e-01 7.7631455422e-02 2.2138883311e-02 1.3025082911e-02 5.2114438570e-04
6.9172932331e+03 7.5421301768e-01 4.1101036992e-01 2.4205891788e-01 7.5479732505e-02 2.1422301529e-02 1.2600688628e-02 5.0755822459e-04
6.9924812030e+03 7.5103551443e-01 4.0560184714e-01 2.3742094627e-01 7.3400033099e-02 2.0734624613e-02 1.2193929461e-02 4.9454793051e-04
7.0676691729e+03 7.4784394571e-01 4.0025443510e-01 2.3287485328e-01 7.1389192731e-02 2.0074659738e-02 1.1803951803e-02 4.8207676261e-04
7.1428571429e+03 7.4463889645e-01 3.9496778948e-01 2.2841888698e-01 6.9444371272e-02 1.9441259207e-02 1.1429931057e-02 4.7012634666e-04
7.2180451128e+03 7.4142072640e-01 3.8974162051e-01 2.2405135506e-01 6.7562927625e-02 1.8833349118e-02 1.1071068229e-02 4.5869771215e-04
7.2932330827e+03 7.3819014690e-01 3.8457556423e-01 2.1977026842e-01 6.5742355493e-02 1.8249929802e-02 1.0726607377e-02 4.4774393701e-04
7.3684210526e+03 7.3494766244e-01 3.7946889603e-01 2.1557423303e-01 6.3980381774e-02 1.7689961714e-02 1.0395872246e-02 4.3727015842e-04
7.4436090226e+03 7.3169384086e-01 3.7442134929e-01 2.1146163948e-01 6.2274912266e-02 1.7152369114e-02 1.0078099873e-02 4.2725540213e-04
7.5187969925e+03 7.2842915917e-01 3.6943224938e-01 2.0743104997e-01 6.0624155171e-02 1.6636095800e-02 9.7727834334e-03 4.1766730578e-04
7.5939849624e+03 7.2515446465e-01 3.6450138491e-01 2.0348101071e-01 5.9026265851e-02 1.6140240177e-02 9.4792699932e-03 4.0848418600e-04
7.6691729323e+03 7.2186997676e-01 3.5962775683e-01 1.9961023912e-01 5.7479432542e-02 1.5663746875e-02 9.1969906614e-03 3.9970034884e-04
7.7443609023e+03 7.1857649927e-01 3.5481127529e-01 1.9581755029e-01 5.5982120049e-02 1.5205709875e-02 8.9255665197e-03 3.9127511437e-04
7.8195488722e+03 7.1527468115e-01 3.5005128305e-01 1.9210155207e-01 5.4532618310e-02 1.4765230577e-02 8.6644593195e-03 3.8318988832e-04
7.8947368421e+03 7.1196508329e-01 3.4534713107e-01 1.8846135978e-01 5.3129348566e-02 1.4341521120e-02 8.4132690917e-03 3.7543111239e-04
7.9699248120e+03 7.0864816489e-01 3.4069856190e-01 1.8489571566e-01 5.1770613653e-02 1.3933814109e-02 8.1716016368e-03 3.6797790977e-04
8.0451127820e+03 7.0532457673e-01 3.3610508869e-01 1.8140377414e-01 5.0454878725e-02 1.3541479079e-02 7.9391151285e-03 3.6079428860e-04
8.1203007519e+03 7.0199491668e-01 3.3156630219e-01 1.7798443090e-01 4.9180610144e-02 1.3163832988e-02 7.7154706196e-03 3.5387754233e-04
8.1954887218e+03 6.9865974402e-01 3.2708189496e-01 1.7463668368e-01 4.7946145751e-02 1.2800312950e-02 7.5002917383e-03 3.4721190238e-04
8.2706766917e+03 6.9531967969e-01 3.2265141183e-01 1.7135959984e-01 4.6750069108e-02 1.2450458026e-02 7.2932805521e-03 3.4075330630e-04
8.3458646617e+03 6.9197535308e-01 3.1827466625e-01 1.6815199536e-01 4.5590942366e-02 1.2113653538e-02 7.0941368863e-03 3.3450766553e-04
8.4210526316e+03 6.8862730680e-01 3.1395133996e-01 1.6501303476e-01 4.4467354541e-02 1.1789529632e-02 6.9025141658e-03 3.2845608401e-04
8.4962406015e+03 6.8527617625e-01 3.0968099310e-01 1.6194134405e-01 4.3378067942e-02 1.1477583878e-02 6.7181290692e-03 3.2258550601e-04
8.5714285714e+03 6.8192246443e-01 3.0546378534e-01 1.5893605952e-01 4.2321771120e-02 1.1177309388e-02 6.5406467472e-03 3.1688301514e-04
8.6466165414e+03 6.7856668752e-01 3.0129909358e-01 1.5599576928e-01 4.1297354818e-02 1.0888246244e-02 6.3698318687e-03 3.1132888440e-04
8.7218045113e+03 6.7520958109e-01 2.9718676939e-01 1.5311902463e-01 4.0303565628e-02 1.0609916284e-02 6.2053064251e-03 3.0591538934e-04
8.7969924812e+03 6.7185141348e-01 2.9312669865e-01 1.5030481695e-01 3.9339399786e-02 1.0341821515e-02 6.0468638289e-03 3.0064852605e-04
8.8721804511e+03 6.6849314061e-01 2.8911851317e-01 1.4755159720e-01 3.8403794815e-02 1.0083530333e-02 5.8941538177e-03 2.9550738540e-04
8.9473684211e+03 6.6513505180e-01 2.8516214115e-01 1.4485780921e-01 3.7495719264e-02 9.8344781050e-03 5.7469969263e-03 2.9048782963e-04
9.0225563910e+03 6.6177761820e-01 2.8125724332e-01 1.4222205797e-01 3.6614204098e-02 9.5942266620e-03 5.6050594296e-03 2.8557658465e-04
9.0977443609e+03 6.5842157685e-01 2.7740366002e-01 1.3964299014e-01 3.5758319773e-02 9.3623491753e-03 5.4681239763e-03 2.8079249412e-04
9.1729323308e+03 6.5506734921e-01 2.7360084850e-01 1.3711901701e-01 3.4927143821e-02 9.1383595997e-03 5.3359535660e-03 2.7611239633e-04
9.2481203008e+03 6.5171538117e-01 2.6984868724e-01 1.3464881653e-01 3.4119731172e-02 8.9218566107e-03 5.2083430566e-03 2.7154807627e-04
9.3233082707e+03 6.4836619990e-01 2.6614704180e-01 1.3223080601e-01 3.3335380067e-02 8.7123995342e-03 5.0850578740e-03 2.6708690455e-04
9.3984962406e+03 6.4502037873e-01 2.6249536866e-01 1.2986377650e-01 3.2573215333e-02 8.5096732784e-03 4.9659525629e-03 2.6271726833e-04
9.4736842105e+03 6.4167829828e-01 2.5889351035e-01 1.2754631975e-01 3.1832421209e-02 8.3133255258e-03 4.8507576435e-03 2.5844270344e-04
9.5488721805e+03 6.3834043682e-01 2.5534101158e-01 1.2527725648e-01 3.1112350840e-02 8.1230122714e-03 4.7393817677e-03 2.5428496796e-04
9.6240601504e+03 6.3500715507e-01 2.5183752588e-01 1.2305529006e-01 3.0412262840e-02 7.9385172174e-03 4.6316143078e-03 2.5020179570e-04
9.6992481203e+03 6.3167918547e-01 2.4838272280e-01 1.2087936205e-01 2.9731474106e-02 7.7595623287e-03 4.5272973505e-03 2.4621938327e-04
9.7744360902e+03 6.2835662871e-01 2.4497627343e-01 1.1874819591e-01 2.9069430257e-02 7.5859503256e-03 4.4262613517e-03 2.4231801792e-04
9.8496240602e+03 6.2504015340e-01 2.4161772458e-01 1.1666092972e-01 2.8425494789e-02 7.4174227203e-03 4.3283857730e-03 2.3851651114e-04
9.9248120301e+03 6.2172988117e-01 2.3830667547e-01 1.1461651365e-01 2.7799014933e-02 7.2539016266e-03 4.2335379492e-03 2.3479661791e-04
1.0000000000e+04 6.1842654637e-01 2.3504265536e-01 1.1261386670e-01 2.7189580607e-02 7.0951159554e-03 4.1415727628e-03 2.3114974642e-04
1.0075187970e+04 6.1513028041e-01 2.3182542661e-01 1.1065218671e-01 2.6596459741e-02 6.9410116688e-03 4.0523337427e-03 2.2761066116e-04
1.0150375940e+04 6.1184152303e-01 2.2865445683e-01 1.0873056914e-01 2.6019311745e-02 6.7914069145e-03 3.9657283795e-03 2.2414052392e-04
1.0225563910e+04 6.0856058155e-01 2.2552927695e-01 1.0684805441e-01 2.5457641243e-02 6.6462001422e-03 3.8816399964e-03 2.2074692923e-04
1.0300751880e+04 6.0528795209e-01 2.2244957541e-01 1.0500374870e-01 2.4910894448e-02 6.5052214869e-03 3.7999600588e-03 2.1742524420e-04
1.0375939850e+04 6.0202371633e-01 2.1941484324e-01 1.0319695726e-01 2.4378679017e-02 6.3684644338e-03 3.7205890336e-03 2.1416522673e-04
1.0451127820e+04 5.9876837579e-01 2.1642467036e-01 1.0142663343e-01 2.3860559555e-02 6.2356774578e-03 3.6434463970e-03 2.1100009442e-04
1.0526315789e+04 5.9552219477e-01 2.1347872502e-01 9.9692160663e-02 2.3356036066e-02 6.1068458720e-03 3.5684504211e-03 2.0788786758e-04
1.0601503759e+04 5.9228533883e-01 2.1057643265e-01 9.7992667396e-02 2.2864820999e-02 5.9817673516e-03 3.4955592012e-03 2.0484802373e-04
1.0676691729e+04 5.8905819683e-01 2.0771735567e-01 9.6327276660e-02 2.2386414699e-02 5.8603939457e-03 3.4246991144e-03 2.0186612877e-04
1.0751879699e+04 5.8584098864e-01 2.0490121469e-01 9.4695324089e-02 2.1920483486e-02 5.7426135821e-03 3.3557804532e-03 1.9894630506e-04
1.0827067669e+04 5.8263382405e-01 2.0212731950e-01 9.3095887396e-02 2.1466680123e-02 5.6282753457e-03 3.2888111509e-03 1.9608789744e-04
1.0902255639e+04 5.7943723840e-01 1.9939555379e-01 9.1528358196e-02 2.1024631739e-02 5.5172504881e-03 3.2237549209e-03 1.9328214262e-04
1.0977443609e+04 5.7625121644e-01 1.9670517903e-01 8.9992014550e-02 2.0593981305e-02 5.4094884431e-03 3.1604936897e-03 1.9053327736e-04
1.1052631579e+04 5.7307595334e-01 1.9405586663e-01 8.8485942696e-02 2.0174454738e-02 5.3048644391e-03 3.0990366703e-03 1.8783830250e-04
1.1127819549e+04 5.6991174545e-01 1.9144703044e-01 8.7009476411e-02 1.9765692070e-02 5.2032124404e-03 3.0393377740e-03 1.8520057503e-04
1.1203007519e+04 5.6675859541e-01 1.8887840687e-01 8.5561987460e-02 1.9367354522e-02 5.1044697028e-03 2.9813562107e-03 1.8261207304e-04
1.1278195489e+04 5.6361686993e-01 1.8634928560e-01 8.4142765573e-02 1.8979217430e-02 5.0085440030e-03 2.9250152149e-03 1.8007745960e-04
1.1353383459e+04 5.6048670698e-01 1.8385928781e-01 8.2751117541e-02 1.8601005529e-02 4.9152971288e-03 2.8703053639e-03 1.7759268687e-04
1.1428571429e+04 5.5736800586e-01 1.8140778920e-01 8.1386374070e-02 1.8232388922e-02 4.8246760240e-03 2.8171167925e-03 1.7515082799e-04
1.1503759398e+04 5.5426108685e-01 1.7899442652e-01 8.0047835829e-02 1.7873115400e-02 4.7365530640e-03 2.7654444641e-03 1.7276504017e-04
1.1578947368e+04 5.5116603267e-01 1.7661857114e-01 7.8735010659e-02 1.7523001988e-02 4.6508351176e-03 2.7152109845e-03 1.7041673139e-04
1.1654135338e+04 5.4808286951e-01 1.7427944990e-01 7.7447170853e-02 1.7181719503e-02 4.5674381918e-03 2.6663441399e-03 1.6812443861e-04
1.1729323308e+04 5.4501183171e-01 1.7197689079e-01 7.6183854239e-02 1.6849083721e-02 4.4862811368e-03 2.6188107162e-03 1.6587005959e-04
1.1804511278e+04 5.4195282147e-01 1.6971004639e-01 7.4944391262e-02 1.6524820687e-02 4.4072513620e-03 2.5725699325e-03 1.6366609969e-04
1.1879699248e+04 5.3890593632e-01 1.6747836548e-01 7.3728371031e-02 1.6208725580e-02 4.3303276261e-03 2.5275046343e-03 1.6150488625e-04
1.1954887218e+04 5.3587121344e-01 1.6528142770e-01 7.2535051249e-02 1.5900538643e-02 4.2553865679e-03 2.4836010822e-03 1.5938370691e-04
1.2030075188e+04 5.3284884882e-01 1.6311838072e-01 7.1364192214e-02 1.5600019398e-02 4.1823420519e-03 2.4408008384e-03 1.5731236647e-04
1.2105263158e+04 5.2983873138e-01 1.6098887148e-01 7.0215123177e-02 1.5307003831e-02 4.1111539862e-03 2.3990672078e-03 1.5529166814e-04
1.2180451128e+04 5.2684095116e-01 1.5889226798e-01 6.9087451715e-02 1.5021190066e-02 4.0417351132e-03 2.3583312136e-03 1.5328812402e-04
1.2255639098e+04 5.2385541458e-01 1.5682787785e-01 6.7980760770e-02 1.4742407383e-02 3.9740412114e-03 2.3185671876e-03 1.5134952971e-04
1.2330827068e+04 5.2088231053e-01 1.5479517636e-01 6.6894536323e-02 1.4470457103e-02 3.9080036072e-03 2.2797273984e-03 1.4941891716e-04
1.2406015038e+04 5.1792136192e-01 1.5279370659e-01 6.5828522069e-02 1.4205044756e-02 3.8435422709e-03 2.2417897091e-03 1.4755309903e-04
1.2481203008e+04 5.1497295590e-01 1.5082265693e-01 6.4782238994e-02 1.3946025252e-02 3.7806352523e-03 2.2047239988e-03 1.4573347357e-04
1.2556390977e+04 5.1203678329e-01 1.4888176312e-01 6.3755253662e-02 1.3693225332e-02 3.7192089589e-03 2.1684598814e-03 1.4392425136e-04
1.2631578947e+04 5.0911280043e-01 1.4697041295e-01 6.2747309298e-02 1.3446394362e-02 3.6592306986e-03 2.1330104125e-03 1.4217630468e-04
1.2706766917e+04 5.0620129430e-01 1.4508799189e-01 6.1757964623e-02 1.3205385112e-02 3.6006366490e-03 2.0983648471e-03 1.4044288712e-04
1.2781954887e+04 5.0330193896e-01 1.4323402981e-01 6.0787037365e-02 1.2970021192e-02 3.5434084793e-03 2.0644611246e-03 1.3875409850e-04
1.2857142857e+04 5.0041473179e-01 1.4140816835e-01 5.9833989344e-02 1.2740036810e-02 3.4874834425e-03 2.0312622999e-03 1.3711009889e-04
1.2932330827e+04 4.9753995799e-01 1.3960980604e-01 5.8898630107e-02 1.2515454927e-02 3.4328164935e-03 1.9987839728e-03 1.3547898910e-04
1.3007518797e+04 4.9467715851e-01 1.3783839133e-01 5.7980630616e-02 1.2295940499e-02 3.3794040536e-03 1.9669975982e-03 1.3390028886e-04
1.3082706767e+04 4.9182663612e-01 1.3609370247e-01 5.7079664595e-02 1.2081477104e-02 3.3271511165e-03 1.9358680175e-03 1.3233062221e-04
1.3157894737e+04 4.8898810728e-01 1.3437508854e-01 5.6195575503e-02 1.1871890035e-02 3.2760776308e-03 1.9053770229e-03 1.3080153971e-04
1.3233082707e+04 4.8616165732e-01 1.3268222122e-01 5.5327886627e-02 1.1666990698e-02 3.2261456611e-03 1.8755099436e-03 1.2931503794e-04
1.3308270677e+04 4.8334734509e-01 1.3101459645e-01 5.4476334619e-02 1.1466652994e-02 3.1772613921e-03 1.8462484690e-03 1.2783623420e-04
1.3383458647e+04 4.8054506144e-01 1.2937190511e-01 5.3640721585e-02 1.1270801412e-02 3.1294054273e-03 1.8175631184e-03 1.2640449310e-04
1.3458646617e+04 4.7775456903e-01 1.2775361091e-01 5.2820723215e-02 1.1079343486e-02 3.0826126656e-03 1.7894386066e-03 1.2499125634e-04
1.3533834586e+04 4.7497622367e-01 1.2615937741e-01 5.2016031496e-02 1.0892075065e-02 3.0367912116e-03 1.7618453633e-03 1.2359381478e-04
1.3609022556e+04 4.7220982375e-01 1.2458872611e-01 5.1226299474e-02 1.0708942225e-02 2.9919459286e-03 1.7347851790e-03 1.2224345303e-04
1.3684210526e+04 4.6945523819e-01 1.2304126558e-01 5.0451287057e-02 1.0529804193e-02 2.9480162770e-03 1.7082359312e-03 1.2089478706e-04
1.3759398496e+04 4.6671272240e-01 1.2151663368e-01 4.9690766191e-02 1.0354607185e-02 2.9049859612e-03 1.6821709985e-03 1.1959708768e-04
1.3834586466e+04 4.6398179037e-01 1.2001437034e-01 4.8944313642e-02 1.0183181088e-02 2.8628612591e-03 1.6565803884e-03 1.1831311166e-04
1.3909774436e+04 4.6126294017e-01 1.1853402731e-01 4.8211728338e-02 1.0015475936e-02 2.8215611257e-03 1.6314530873e-03 1.1703938815e-04
1.3984962406e+04 4.5855582019e-01 1.1707530277e-01 4.7492650332e-02 9.8513304753e-03 2.7811013527e-03 1.6067762968e-03 1.1581172609e-04
1.4060150376e+04 4.5586063489e-01 1.1563771767e-01 4.6786818153e-02 9.6906266594e-03 2.7414480802e-03 1.5825274075e-03 1.1459172911e-04
1.4135338346e+04 4.5317739334e-01 1.1422093216e-01 4.6093924077e-02 9.5333951255e-03 2.7025851216e-03 1.5587187994e-03 1.1341092167e-04
1.4210526316e+04 4.5050577968e-01 1.1282454214e-01 4.5413682577e-02 9.3794476118e-03 2.6644678649e-03 1.5353133950e-03 1.1224511411e-04
1.4285714286e+04 4.4784609553e-01 1.1144807888e-01 4.4745739654e-02 9.2286428004e-03 2.6270955837e-03 1.5123178155e-03 1.1109300529e-04
1.4360902256e+04 4.4519834646e-01 1.1009133521e-01 4.4089885594e-02 9.0809671733e-03 2.5904079268e-03 1.4897089091e-03 1.0997901513e-04
1.4436090226e+04 4.4256240238e-01 1.0875373125e-01 4.3445828354e-02 8.9363221200e-03 2.5544645354e-03 1.4675044115e-03 1.0886952815e-04
1.4511278195e+04 4.3993832828e-01 1.0743506146e-01 4.2813225034e-02 8.7945925302e-03 2.5191666276e-03 1.4456462163e-03 1.0779889467e-04
1.4586466165e+04 4.3732619698e-01 1.0613494496e-01 4.2191901590e-02 8.6557492187e-03 2.4845356330e-03 1.4242092509e-03 1.0674532746e-04
1.4661654135e+04 4.3472606717e-01 1.0485306292e-01 4.1581517485e-02 8.5196266467e-03 2.4505512715e-03 1.4030943512e-03 1.0570059745e-04
1.4736842105e+04 4.3213777739e-01 1.0358903981e-01 4.0981923353e-02 8.3862194897e-03 2.4171920844e-03 1.3823569886e-03 1.0468947000e-04
1.4812030075e+04 4.2956154609e-01 1.0234256454e-01 4.0392795050e-02 8.2553893656e-03 2.3844272120e-03 1.3619735633e-03 1.0369257698e-04
1.4887218045e+04 4.2699715124e-01 1.0111336679e-01 3.9813910885e-02 8.1270762264e-03 2.3522721052e-03 1.3419346610e-03 1.0271237903e-04
1.4962406015e+04 4.2444485313e-01 9.9901239645e-02 3.9245095202e-02 8.0012923690e-03 2.3206567928e-03 1.3222322729e-03 1.0175227234e-04
1.5037593985e+04 4.2190468559e-01 9.8705756108e-02 3.8686103031e-02 7.8778763529e-03 2.2896695579e-03 1.3028652860e-03 1.0080845700e-04
1.5112781955e+04 4.1937665043e-01 9.7526941139e-02 3.8136716273e-02 7.7568046605e-03 2.2591860912e-03 1.2838489788e-03 9.9889960505e-05
1.5187969925e+04 4.1686059680e-01 9.6364179024e-02 3.7596807874e-02 7.6379813253e-03 2.2292654605e-03 1.2651595574e-03 9.8984147220e-05
1.5263157895e+04 4.1435682068e-01 9.5217567025e-02 3.7066168130e-02 7.5214657125e-03 2.1998786353e-03 1.2467785484e-03 9.8092380702e-05
1.5338345865e+04 4.1186519286e-01 9.4086799286e-02 3.6544552396e-02 7.4070922103e-03 2.1710010019e-03 1.2287460610e-03 9.7218367822e-05
1.5413533835e+04 4.0938587294e-01 9.2971595002e-02 3.6031868822e-02 7.2948621918e-03 2.1426246964e-03 1.2110157815e-03 9.6357397934e-05
1.5488721805e+04 4.0691874291e-01 9.1871816446e-02 3.5527887089e-02 7.1847208426e-03 2.1147293383e-03 1.1936092266e-03 9.5517953154e-05
1.5563909774e+04 4.0446403275e-01 9.0787293883e-02 3.5032558270e-02 7.0765891963e-03 2.0873304334e-03 1.1765256189e-03 9.4688585755e-05
1.5639097744e+04 4.0202147434e-01 8.9717728824e-02 3.4545639355e-02 6.9704870408e-03 2.0604098423e-03 1.1597517788e-03 9.3875651170e-05
1.5714285714e+04 3.9959150832e-01 8.8663110615e-02 3.4067034916e-02 6.8663070339e-03 2.0339380977e-03 1.1432672100e-03 9.3075785518e-05
1.5789473684e+04 3.9717370249e-01 8.7623264869e-02 3.3596534256e-02 6.7640884969e-03 2.0079305403e-03 1.1271154223e-03 9.2282845948e-05
1.5864661654e+04 3.9476854371e-01 8.6597903195e-02 3.3134081318e-02 6.6637073838e-03 1.9823829167e-03 1.1112512407e-03 9.1512266040e-05
1.5939849624e+04 3.9237585964e-01 8.5586910997e-02 3.2679491811e-02 6.5652175762e-03 1.9572333685e-03 1.0957041847e-03 9.0751720841e-05
1.6015037594e+04 3.8999557751e-01 8.4590181695e-02 3.2232653845e-02 6.4685454329e-03 1.9325188132e-03 1.0804542579e-03 8.9998631287e-05
1.6090225564e+04 3.8762783745e-01 8.3607425995e-02 3.1793420192e-02 6.3736487231e-03 1.9081813539e-03 1.0654743171e-03 8.9262858749e-05
1.6165413534e+04 3.8527266232e-01 8.2638639267e-02 3.1361628974e-02 6.2805180553e-03 1.8842535234e-03 1.0508252741e-03 8.8536003856e-05
1.6240601504e+04 3.8293009139e-01 8.1683508337e-02 3.0937237298e-02 6.1890951353e-03 1.8607080972e-03 1.0364443230e-03 8.7819654641e-05
1.6315789474e+04 3.8060001119e-01 8.0741881162e-02 3.0520030807e-02 6.0993656146e-03 1.8375435335e-03 1.0223426025e-03 8.7114134656e-05
1.6390977444e+04 3.7828262274e-01 7.9813662692e-02 3.0109913324e-02 6.0113062518e-03 1.8147496033e-03 1.0085357472e-03 8.6419156072e-05
1.6466165414e+04 3.7597785397e-01 7.8898670791e-02 2.9706761969e-02 5.9248443957e-03 1.7923162261e-03 9.9500334377e-04 8.5734103284e-05
1.6541353383e+04 3.7368559740e-01 7.7996572742e-02 2.9310453977e-02 5.8400234840e-03 1.7702026283e-03 9.8174347424e-04 8.5055314665e-05
1.6616541353e+04 3.7140601775e-01 7.7107342599e-02 2.8920826835e-02 5.7567748762e-03 1.7484324991e-03 9.6875767651e-04 8.4392675456e-05
1.6691729323e+04 3.6913918088e-01 7.6230805281e-02 2.8537796425e-02 5.6750593996e-03 1.7269820452e-03 9.5602450333e-04 8.3733049101e-05
1.6766917293e+04 3.6688476872e-01 7.5366639227e-02 2.8161246475e-02 5.5948527265e-03 1.7058583603e-03 9.4355304641e-04 8.3085653058e-05
1.6842105263e+04 3.6464312492e-01 7.4514789694e-02 2.7791054938e-02 5.5161796091e-03 1.6850517130e-03 9.3134074731e-04 8.2444377835e-05
1.6917293233e+04 3.6241415504e-01 7.3674983874e-02 2.7427045540e-02 5.4389368888e-03 1.6645362728e-03 9.1938798108e-04 8.1810807191e-05
1.6992481203e+04 3.6019763508e-01 7.2847069337e-02 2.7069167563e-02 5.3631341327e-03 1.6443474034e-03 9.0767453950e-04 8.1187564680e-05
1.7067669173e+04 3.5799375023e-01 7.2030861811e-02 2.6717290904e-02 5.2887608102e-03 1.6244274367e-03 8.9619258297e-04 8.0569138580e-05
1.7142857143e+04 3.5580252382e-01 7.1226189164e-02 2.6371231595e-02 5.2157583587e-03 1.6048193122e-03 8.8495601417e-04 7.9960554335e-05
1.7218045113e+04 3.5362380681e-01 7.0432734177e-02 2.6030994671e-02 5.1441354195e-03 1.5854937007e-03 8.7395098411e-04 7.9357702810e-05
1.7293233083e+04 3.5145762647e-01 6.9650498933e-02 2.5696318008e-02 5.0738632464e-03 1.5664357938e-03 8.6317035540e-04 7.8761157679e-05
1.7368421053e+04 3.4930393744e-01 6.8879152032e-02 2.5367229410e-02 5.0048942417e-03 1.5476720801e-03 8.5260780376e-04 7.8174208723e-05
1.7443609023e+04 3.4716281147e-01 6.8118579415e-02 2.5043603466e-02 4.9372028565e-03 1.5291865481e-03 8.4227633512e-04 7.7591349489e-05
1.7518796992e+04 3.4503415772e-01 6.7368600071e-02 2.4725237299e-02 4.8707834444e-03 1.5109807665e-03 8.3213982309e-04 7.7016635921e-05
1.7593984962e+04 3.4291793157e-01 6.6629015178e-02 2.4412150192e-02 4.8056146503e-03 1.4930524031e-03 8.2222338119e-04 7.6447141130e-05
1.7669172932e+04 3.4081397191e-01 6.5899629979e-02 2.4104202101e-02 4.7416546402e-03 1.4753998196e-03 8.1250077807e-04 7.5884059232e-05
1.7744360902e+04 3.3872245618e-01 6.5180291320e-02 2.3801228222e-02 4.6788951424e-03 1.4579990233e-03 8.0298886442e-04 7.5331332423e-05
1.7819548872e+04 3.3664325463e-01 6.4470786632e-02 2.3503253789e-02 4.6173163924e-03 1.4408676328e-03 7.9365652311e-04 7.4780772617e-05
1.7894736842e+04 3.3457632539e-01 6.3771054054e-02 2.3210097771e-02 4.5568940362e-03 1.4240100120e-03 7.8453276675e-04 7.4236978386e-05
1.7969924812e+04 3.3252160806e-01 6.3080831599e-02 2.2921651407e-02 4.4975855879e-03 1.4074233170e-03 7.7558266392e-04 7.3698224865e-05
1.8045112782e+04 3.3047901967e-01 6.2400102927e-02 2.2637915001e-02 4.4393720003e-03 1.3910902682e-03 7.6680561470e-04 7.3166201330e-05
1.8120300752e+04 3.2844866644e-01 6.1728428329e-02 2.2358754256e-02 4.3822644643e-03 1.3750069930e-03 7.5821705522e-04 7.2639850772e-05
1.8195488722e+04 3.2643048007e-01 6.1065985169e-02 2.2084097682e-02 4.3262132681e-03 1.3592033523e-03 7.4979683701e-04 7.2120361333e-05
1.8270676692e+04 3.2442426756e-01 6.0412337467e-02 2.1813858521e-02 4.2711965596e-03 1.3436413420e-03 7.4153549284e-04 7.1607182403e-05
1.8345864662e+04 3.2243015060e-01 5.9767513638e-02 2.1547914477e-02 4.2171805448e-03 1.3283262493e-03 7.3345788272e-04 7.1096370460e-05
1.8421052632e+04 3.2044792087e-01 5.9131290099e-02 2.1286243867e-02 4.1641739686e-03 1.3132898295e-03 7.2551882383e-04 7.0591705843e-05
1.8496240602e+04 3.1847757105e-01 5.8503568911e-02 2.1028755478e-02 4.1121353353e-03 1.2984874941e-03 7.1772952863e-04 7.0095351175e-05
1.8571428571e+04 3.1651927186e-01 5.7884144979e-02 2.0775407188e-02 4.0610831946e-03 1.2839093515e-03 7.1009002295e-04 6.9601000925e-05
1.8646616541e+04 3.1457267445e-01 5.7272961671e-02 2.0525982461e-02 4.0109360937e-03 1.2695870912e-03 7.0259889983e-04 6.9114337789e-05
1.8721804511e+04 3.1263782100e-01 5.6669773526e-02 2.0280552832e-02 3.9617023365e-03 1.2554875239e-03 6.9524487675e-04 6.8630720828e-05
1.8796992481e+04 3.1071479092e-01 5.6074578205e-02 2.0038995285e-02 3.9133661533e-03 1.2416402309e-03 6.8803129368e-04 6.8153332768e-05
1.8872180451e+04 3.0880346892e-01 5.5487082901e-02 1.9801270765e-02 3.8659326713e-03 1.2280229152e-03 6.8093677869e-04 6.7680441320e-05
1.8947368421e+04 3.0690383037e-01 5.4907238323e-02 1.9567259068e-02 3.8193183554e-03 1.2145978640e-03 6.7397257399e-04 6.7211317970e-05
1.9022556391e+04 3.0501572778e-01 5.4334923929e-02 1.9336913371e-02 3.7735753514e-03 1.2014353265e-03 6.6713775310e-04 6.6746428806e-05
1.9097744361e+04 3.0313920824e-01 5.3770022088e-02 1.9110115174e-02 3.7286340734e-03 1.1884730671e-03 6.6039894401e-04 6.6289080144e-05
1.9172932331e+04 3.0127421230e-01 5.3212381860e-02 1.8886901978e-02 3.6844983618e-03 1.1757193924e-03 6.5379658969e-04 6.5834157827e-05
1.9248120301e+04 2.9942068191e-01 5.2661903415e-02 1.8667114267e-02 3.6411533541e-03 1.1631630965e-03 6.4730307168e-04 6.5383887977e-05
1.9323308271e+04 2.9757860720e-01 5.2118409544e-02 1.8450696594e-02 3.5985850534e-03 1.1508378459e-03 6.4091773343e-04 6.4939283760e-05
1.9398496241e+04 2.9574792372e-01 5.1581819126e-02 1.8237694910e-02 3.5567904005e-03 1.1387122443e-03 6.3462258870e-04 6.4497300553e-05
1.9473684211e+04 2.9392866415e-01 5.1052041839e-02 1.8027900124e-02 3.5157279207e-03 1.1267783156e-03 6.2843734258e-04 6.4063407886e-05
1.9548872180e+04 2.9212069776e-01 5.0528859886e-02 1.7821321911e-02 3.4753926814e-03 1.1150292272e-03 6.2234545977e-04 6.3628730685e-05
1.9624060150e+04 2.9032398910e-01 5.0012341519e-02 1.7617927623e-02 3.4357663865e-03 1.1034789484e-03 6.1636723997e-04 6.3199584020e-05
1.9699248120e+04 2.8853850288e-01 4.9502214323e-02 1.7417593120e-02 3.3968068160e-03 1.0921139914e-03 6.1045567546e-04 6.2773576160e-05
1.9774436090e+04 2.8676441645e-01 4.8998334689e-02 1.7220314695e-02 3.3585335812e-03 1.0809105598e-03 6.0463551416e-04 6.2352867407e-05
1.9849624060e+04 2.8500137023e-01 4.8500831552e-02 1.7025989573e-02 3.3209416890e-03 1.0698933653e-03 5.9891982575e-04 6.1937524670e-05
1.9924812030e+04 2.8324951496e-01 4.8009424875e-02 1.6834574764e-02 3.2839793455e-03 1.0590623250e-03 5.9326532220e-04 6.1523690081e-05
2.0000000000e+04 2.8150872638e-01 4.7524025373e-02 1.6646021264e-02 3.2476704433e-03 1.0484121991e-03 5.8770146885e-04 6.1114206632e-05
2.0075187970e+04 2.7977904716e-01 4.7044590903e-02 1.6460333408e-02 3.2119826796e-03 1.0379183199e-03 5.8222313874e-04 6.0707348265e-05
2.0150375940e+04 2.7806033103e-01 4.6571065301e-02 1.6277345521e-02 3.1768927558e-03 1.0275748647e-03 5.7682026131e-04 6.0306859194e-05
2.0225563910e+04 2.7635269263e-01 4.6103189351e-02 1.6097081685e-02 3.1423832073e-03 1.0174076227e-03 5.7148233146e-04 5.9911556024e-05
2.0300751880e+04 2.7465595758e-01 4.5641052676e-02 1.5919503221e-02 3.1084721448e-03 1.0073766781e-03 5.6621862520e-04 5.9515660620e-05
2.0375939850e+04 2.7297023511e-01 4.5184481679e-02 1.5744523263e-02 3.0751108596e-03 9.9751816957e-04 5.6103111810e-04 5.9124088535e-05
2.0451127820e+04 2.7129533720e-01 4.4733437853e-02 1.5572081940e-02 3.0422610794e-03 9.8779039250e-04 5.5590608566e-04 5.8736901566e-05
2.0526315789e+04 2.6963130876e-01 4.4287751082e-02 1.5402197441e-02 3.0099736563e-03 9.7821997289e-04 5.5086821058e-04 5.8352180900e-05
2.0601503759e+04 2.6797810502e-01 4.3847499567e-02 1.5234761906e-02 2.9782035984e-03 9.6879653974e-04 5.4587784077e-04 5.7973581320e-05
2.0676691729e+04 2.6633557006e-01 4.3412482899e-02 1.5069734631e-02 2.9469452070e-03 9.5951700932e-04 5.4095039632e-04 5.7596281250e-05
2.0751879699e+04 2.6470388043e-01 4.2982702734e-02 1.4907089050e-02 2.9161684959e-03 9.5037078371e-04 5.3609331818e-04 5.7221535240e-05
2.0827067669e+04 2.6308281369e-01 4.2558030242e-02 1.4746764204e-02 2.8858522194e-03 9.4134938583e-04 5.3129219594e-04 5.6850454995e-05
2.0902255639e+04 2.6147236057e-01 4.2138419196e-02 1.4588780285e-02 2.8560631653e-03 9.3249305768e-04 5.2654834059e-04 5.6484688405e-05
2.0977443609e+04 2.5987246650e-01 4.1723815839e-02 1.4433029143e-02 2.8266873896e-03 9.2373283270e-04 5.2187802646e-04 5.6122954423e-05
2.1052631579e+04 2.5828329133e-01 4.1314130993e-02 1.4279440449e-02 2.7977278412e-03 9.1510295065e-04 5.1724347045e-04 5.5761619267e-05
2.1127819549e+04 2.5670439016e-01 4.0909324406e-02 1.4128083560e-02 2.7692246041e-03 9.0660106603e-04 5.1267580232e-04 5.5403757440e-05
2.1203007519e+04 2.5513605244e-01 4.0509371273e-02 1.3978798046e-02 2.7411266449e-03 8.9823775227e-04 5.0816691347e-04 5.5048618275e-05
2.1278195489e+04 2.5357809655e-01 4.0114061764e-02 1.3831612686e-02 2.7134542928e-03 8.8998514779e-04 5.0370489818e-04 5.4697073381e-05
2.1353383459e+04 2.5203047703e-01 3.9723515061e-02 1.3686491448e-02 2.6861660129e-03 8.8183681349e-04 4.9929921466e-04 5.4351425120e-05
2.1428571429e+04 2.5049318779e-01 3.9337599688e-02 1.3543340305e-02 2.6592745252e-03 8.7381971796e-04 4.9494503059e-04 5.4006539063e-05
2.1503759398e+04 2.4896603472e-01 3.8956262282e-02 1.3402168301e-02 2.6327485212e-03 8.6592177229e-04 4.9063858597e-04 5.3663479835e-05
2.1578947368e+04 2.4744901264e-01 3.8579363841e-02 1.3262932603e-02 2.6065881385e-03 8.5812750511e-04 4.8639054372e-04 5.3324831474e-05
2.1654135338e+04 2.4594217900e-01 3.8207017825e-02 1.3125562218e-02 2.5807980814e-03 8.5043337844e-04 4.8219105575e-04 5.2988475522e-05
2.1729323308e+04 2.4444539359e-01 3.7838998851e-02 1.2990073363e-02 2.5553667272e-03 8.4285387625e-04 4.7802400764e-04 5.2660039361e-05
2.1804511278e+04 2.4295857103e-01 3.7475378237e-02 1.2856401927e-02 2.5302545132e-03 8.3538418691e-04 4.7392226671e-04 5.2330107067e-05
2.1879699248e+04 2.4148162559e-01 3.7116019143e-02 1.2724485740e-02 2.5054602276e-03 8.2801721098e-04 4.6984959159e-04 5.2003175673e-05
2.1954887218e+04 2.4001459113e-01 3.6760879634e-02 1.2594366013e-02 2.4810091324e-03 8.2075472918e-04 4.6583469826e-04 5.1679459137e-05
2.2030075188e+04 2.3855737136e-01 3.6409917046e-02 1.2465920316e-02 2.4568913055e-03 8.1361041316e-04 4.6186137126e-04 5.1358667269e-05
2.2105263158e+04 2.3710979662e-01 3.6063115772e-02 1.2339209980e-02 2.4330625698e-03 8.0654610572e-04 4.5792843724e-04 5.1043655693e-05
2.2180451128e+04 2.3567185735e-01 3.5720328123e-02 1.2214123249e-02 2.4095479624e-03 7.9956951280e-04 4.5403782887e-04 5.0728821456e-05
2.2255639098e+04 2.3424364857e-01 3.5381617714e-02 1.2090630767e-02 2.3863506413e-03 7.9271029132e-04 4.5020179716e-04 5.0417304720e-05
2.2330827068e+04 2.3282494141e-01 3.5046862968e-02 1.1968748290e-02 2.3634293881e-03 7.8594267926e-04 4.4639907234e-04 5.0108311159e-05
2.2406015038e+04 2.3141556532e-01 3.4715960141e-02 1.1848409942e-02 2.3407968709e-03 7.7926867397e-04 4.4263490641e-04 4.9802301383e-05
2.2481203008e+04 2.3001566610e-01 3.4388937872e-02 1.1729645832e-02 2.3184308546e-03 7.7268141132e-04 4.3891997961e-04 4.9503115934e-05
2.2556390977e+04 2.2862502374e-01 3.4065779024e-02 1.1612373174e-02 2.2963615844e-03 7.6618643660e-04 4.3524360019e-04 4.9203381022e-05
2.2631578947e+04 2.2724367007e-01 3.3746263266e-02 1.1496557338e-02 2.2745428385e-03 7.5978010140e-04 4.3160511307e-04 4.8905928231e-05
2.2706766917e+04 2.2587148574e-01 3.3430507564e-02 1.1382217090e-02 2.2530059637e-03 7.5347758297e-04 4.2800978438e-04 4.8611138891e-05
2.2781954887e+04 2.2450835115e-01 3.3118367724e-02 1.1269267853e-02 2.2317350710e-03 7.4723676265e-04 4.2444884518e-04 4.8319331653e-05
2.2857142857e+04 2.2315436920e-01 3.2809795996e-02 1.1157757193e-02 2.2107220844e-03 7.4109113955e-04 4.2092806862e-04 4.8032740138e-05
2.2932330827e+04 2.2180927610e-01 3.2504807278e-02 1.1047580193e-02 2.1899728840e-03 7.3504600547e-04 4.1746368803e-04 4.7746299351e-05
2.3007518797e+04 2.2047311083e-01 3.2203316575e-02 1.0938795458e-02 2.1694540337e-03 7.2907227606e-04 4.1400926925e-04 4.7462559559e-05
2.3082706767e+04 2.1914569091e-01 3.1905235839e-02 1.0831333971e-02 2.1491959294e-03 7.2319244529e-04 4.1060400694e-04 4.7181459057e-05
2.3157894737e+04 2.1782713542e-01 3.1610581986e-02 1.0725193842e-02 2.1291855704e-03 7.1736560536e-04 4.0724983044e-04 4.6902479028e-05
2.3233082707e+04 2.1651721006e-01 3.1319211039e-02 1.0620324019e-02 2.1093980308e-03 7.1163978458e-04 4.0391979071e-04 4.6629389471e-05
2.3308270677e+04 2.1521601704e-01 3.1031216926e-02 1.0516738124e-02 2.0898610216e-03 7.0597726809e-04 4.0064383293e-04 4.6357122877e-05
2.3383458647e+04 2.1392326298e-01 3.0746411938e-02 1.0414388925e-02 2.0705203173e-03 7.0040508212e-04 3.9738735184e-04 4.6085961706e-05
2.3458646617e+04 2.1263910847e-01 3.0464832354e-02 1.0313306398e-02 2.0514502990e-03 6.9490430930e-04 3.9417263801e-04 4.5817412456e-05
2.3533834586e+04 2.1136337642e-01 3.0186373184e-02 1.0213391226e-02 2.0326245465e-03 6.8947762728e-04 3.9100266449e-04 4.5550508772e-05
2.3609022556e+04 2.1009601380e-01 2.9911026959e-02 1.0114697929e-02 2.0139894066e-03 6.8413053131e-04 3.8785793153e-04 4.5288732160e-05
2.3684210526e+04 2.0883700558e-01 2.9638829652e-02 1.0017200591e-02 1.9955982014e-03 6.7885548068e-04 3.8475061470e-04 4.5027091441e-05
2.3759398496e+04 2.0758616011e-01 2.9369525215e-02 9.9208541090e-03 1.9774425561e-03 6.7364879256e-04 3.8169427517e-04 4.4766895600e-05
2.3834586466e+04 2.0634361737e-01 2.9103288719e-02 9.8256724355e-03 1.9594741533e-03 6.6852471449e-04 3.7866461564e-04 4.4508810049e-05
2.3909774436e+04 2.0510912890e-01 2.8839940617e-02 9.7316209040e-03 1.9417292076e-03 6.6346587733e-04 3.7566393885e-04 4.4254100801e-05
2.3984962406e+04 2.0388270343e-01 2.8579519228e-02 9.6386619412e-03 1.9241902981e-03 6.5846642845e-04 3.7271213737e-04 4.4003171076e-05
2.4060150376e+04 2.0266435900e-01 2.8321943752e-02 9.5468429677e-03 1.9068847974e-03 6.5352826121e-04 3.6978472194e-04 4.3751561738e-05
2.4135338346e+04 2.0145393640e-01 2.8067195442e-02 9.4561225086e-03 1.8897908235e-03 6.4866041357e-04 3.6689667020e-04 4.3503714490e-05
2.4210526316e+04 2.0025151942e-01 2.7815239673e-02 9.3664019553e-03 1.8729062687e-03 6.4387743712e-04 3.6405000816e-04 4.3256125562e-05
2.4285714286e+04 1.9905686427e-01 2.7565988861e-02 9.2778407443e-03 1.8562204846e-03 6.3916220832e-04 3.6122620526e-04 4.3010952078e-05
2.4360902256e+04 1.9787003868e-01 2.7319463883e-02 9.1902639993e-03 1.8397671154e-03 6.3448809403e-04 3.5843659520e-04 4.2769752223e-05
2.4436090226e+04 1.9669099369e-01 2.7075620580e-02 9.1037641943e-03 1.8234867521e-03 6.2989595195e-04 3.5568818751e-04 4.2527908825e-05
2.4511278195e+04 1.9551968902e-01 2.6834341544e-02 9.0182934868e-03 1.8074330176e-03 6.2536995393e-04 3.5296518444e-04 4.2287719722e-05
2.4586466165e+04 1.9435597405e-01 2.6595717175e-02 8.9338126615e-03 1.7915676497e-03 6.2087700767e-04 3.5026698344e-04 4.2049748152e-05
2.4661654135e+04 1.9319984884e-01 2.6359634661e-02 8.8503570928e-03 1.7759057174e-03 6.1646153806e-04 3.4762284747e-04 4.1813623535e-05
2.4736842105e+04 1.9205137228e-01 2.6126114288e-02 8.7678584219e-03 1.7604452469e-03 6.1209148641e-04 3.4498574278e-04 4.1581209286e-05
2.4812030075e+04 1.9091040334e-01 2.5895092929e-02 8.6863696367e-03 1.7451631352e-03 6.0779295421e-04 3.4238945784e-04 4.1347941626e-05
2.4887218045e+04 1.8977680379e-01 2.5666482565e-02 8.6057961109e-03 1.7300812948e-03 6.0356172149e-04 3.3983113967e-04 4.1117400427e-05
2.4962406015e+04 1.8865070922e-01 2.5440353134e-02 8.5262484555e-03 1.7152193649e-03 5.9937088628e-04 3.3728648149e-04 4.0887920013e-05
2.5037593985e+04 1.8753196779e-01 2.5216662894e-02 8.4475974153e-03 1.7005400087e-03 5.9525204212e-04 3.3478666752e-04 4.0659746041e-05
2.5112781955e+04 1.8642056434e-01 2.4995297431e-02 8.3699088797e-03 1.6860338812e-03 5.9118178322e-04 3.3229821607e-04 4.0435745354e-05
2.5187969925e+04 1.8531644630e-01 2.4776268190e-02 8.2930991718e-03 1.6717206662e-03 5.8714281780e-04 3.2984838222e-04 4.0210754138e-05
2.5263157895e+04 1.8421958287e-01 2.4559582140e-02 8.2172136847e-03 1.6576063720e-03 5.8316991432e-04 3.2742841733e-04 3.9987555270e-05
2.5338345865e+04 1.8312991648e-01 2.4345240131e-02 8.1422198607e-03 1.6436738328e-03 5.7923099151e-04 3.2502653402e-04 3.9766099515e-05
2.5413533835e+04 1.8204734765e-01 2.4133064868e-02 8.0681403766e-03 1.6299180895e-03 5.7537083156e-04 3.2265286921e-04 3.9545800466e-05
2.5488721805e+04 1.8097191830e-01 2.3923179417e-02 7.9949093281e-03 1.6163172038e-03 5.7152919578e-04 3.2030662734e-04 3.9329088251e-05
2.5563909774e+04 1.7990352458e-01 2.3715521832e-02 7.9225528129e-03 1.6029130542e-03 5.6774603673e-04 3.1798560168e-04 3.9112129829e-05
2.5639097744e+04 1.7884219442e-01 2.3509968280e-02 7.8510474992e-03 1.5896706588e-03 5.6401349708e-04 3.1568916483e-04 3.8896185364e-05
2.5714285714e+04 1.7778788745e-01 2.3306676193e-02 7.7803780728e-03 1.5766141295e-03 5.6034051148e-04 3.1341710969e-04 3.8682883723e-05
2.5789473684e+04 1.7674040839e-01 2.3105431236e-02 7.7105440311e-03 1.5637282058e-03 5.5669306450e-04 3.1117682258e-04 3.8470368017e-05
2.5864661654e+04 1.7569990248e-01 2.2906311380e-02 7.6415168170e-03 1.5510045593e-03 5.5309237614e-04 3.0894613002e-04 3.8260702437e-05
2.5939849624e+04 1.7466620670e-01 2.2709339858e-02 7.5733030508e-03 1.5384390983e-03 5.4951824833e-04 3.0675097034e-04 3.8050841938e-05
2.6015037594e+04 1.7363934058e-01 2.2514385232e-02 7.5058951873e-03 1.5260507918e-03 5.4600336150e-04 3.0457104285e-04 3.7842673358e-05
2.6090225564e+04 1.7261918444e-01 2.2321398024e-02 7.4392665799e-03 1.5138242444e-03 5.4253249876e-04 3.0241281768e-04 3.7635645144e-05
2.6165413534e+04 1.7160581221e-01 2.2130549749e-02 7.3734294976e-03 1.5017238053e-03 5.3908131791e-04 3.0029646813e-04 3.7430088805e-05
2.6240601504e+04 1.7059908588e-01 2.1941593778e-02 7.3083517132e-03 1.4898070828e-03 5.3568397674e-04 2.9817398060e-04 3.7227396089e-05
2.6315789474e+04 1.6959896066e-01 2.1754648538e-02 7.2440072147e-03 1.4780157277e-03 5.3233186973e-04 2.9608576573e-04 3.7024933413e-05
2.6390977444e+04 1.6860551122e-01 2.1569656666e-02 7.1804274574e-03 1.4663924759e-03 5.2898884991e-04 2.9402382361e-04 3.6822925423e-05
2.6466165414e+04 1.6761849989e-01 2.1386539136e-02 7.1176127314e-03 1.4549117358e-03 5.2570084278e-04 2.9197645869e-04 3.6623901987e-05
2.6541353383e+04 1.6663806594e-01 2.1205326354e-02 7.0554900532e-03 1.4435710208e-03 5.2242953370e-04 2.8995647907e-04 3.6425070989e-05
2.6616541353e+04 1.6566409107e-01 2.1026112534e-02 6.9940892696e-03 1.4323734516e-03 5.1922020869e-04 2.8794953788e-04 3.6229510049e-05
2.6691729323e+04 1.6469657646e-01 2.0848603430e-02 6.9334019453e-03 1.4213187113e-03 5.1602157908e-04 2.8596265632e-04 3.6033834356e-05
2.6766917293e+04 1.6373533855e-01 2.0672999820e-02 6.8734193947e-03 1.4103861675e-03 5.1283652383e-04 2.8400615096e-04 3.5838890148e-05
2.6842105263e+04 1.6278050593e-01 2.0499234732e-02 6.8141237267e-03 1.3995932799e-03 5.0972341635e-04 2.8205687531e-04 3.5645886726e-05
2.6917293233e+04 1.6183183037e-01 2.0327210795e-02 6.7555101322e-03 1.3889394617e-03 5.0662346843e-04 2.8013207020e-04 3.5454271923e-05
2.6992481203e+04 1.6088954483e-01 2.0156996699e-02 6.6975765397e-03 1.3783996713e-03 5.0355581317e-04 2.7823175431e-04 3.5264915695e-05
2.7067669173e+04 1.5995342803e-01 1.9988574555e-02 6.6402871755e-03 1.3679762951e-03 5.0050387848e-04 2.7634167555e-04 3.5075807655e-05
2.7142857143e+04 1.5902344639e-01 1.9821821366e-02 6.5836668290e-03 1.3577139424e-03 4.9748975211e-04 2.7447640368e-04 3.4888483574e-05
2.7218045113e+04 1.5809958588e-01 1.9656796173e-02 6.5276894007e-03 1.3475396077e-03 4.9450525632e-04 2.7263464096e-04 3.4702344474e-05
2.7293233083e+04 1.5718174943e-01 1.9493504308e-02 6.4723544829e-03 1.3374993839e-03 4.9155249723e-04 2.7079893894e-04 3.4517832830e-05
2.7368421053e+04 1.5627003507e-01 1.9331879965e-02 6.4176502739e-03 1.3275881864e-03 4.8860812519e-04 2.6898483587e-04 3.4335579046e-05
2.7443609023e+04 1.5536420025e-01 1.9171883406e-02 6.3635786781e-03 1.3177791799e-03 4.8571198288e-04 2.6719460900e-04 3.4153298170e-05
2.7518796992e+04 1.5446442052e-01 1.9013610707e-02 6.3101379264e-03 1.3080685694e-03 4.8282910996e-04 2.6541937308e-04 3.3972287506e-05
2.7593984962e+04 1.5357042656e-01 1.8856883297e-02 6.2572653436e-03 1.2985059429e-03 4.7996894001e-04 2.6366141089e-04 3.3792676555e-05
2.7669172932e+04 1.5268241082e-01 1.8701801418e-02 6.2050210697e-03 1.2890293578e-03 4.7712693756e-04 2.6192739704e-04 3.3614960065e-05
2.7744360902e+04 1.5180016650e-01 1.8548306113e-02 6.1533604487e-03 1.2796205761e-03 4.7431275544e-04 2.6020511458e-04 3.3438892815e-05
2.7819548872e+04 1.5092375978e-01 1.8396387334e-02 6.1022961096e-03 1.2703436970e-03 4.7151946949e-04 2.5849160084e-04 3.3263419204e-05
2.7894736842e+04 1.5005304351e-01 1.8245992479e-02 6.0517953850e-03 1.2612010112e-03 4.6876784198e-04 2.5681419690e-04 3.3089523449e-05
2.7969924812e+04 1.4918806860e-01 1.8097209167e-02 6.0018826782e-03 1.2521233782e-03 4.6602583900e-04 2.5514265318e-04 3.2916731454e-05
2.8045112782e+04 1.4832871009e-01 1.7949897874e-02 5.9525287347e-03 1.2431605356e-03 4.6332242204e-04 2.5348760835e-04 3.2745204482e-05
2.8120300752e+04 1.4747504017e-01 1.7804099503e-02 5.9037428017e-03 1.2342927815e-03 4.6062662710e-04 2.5185655825e-04 3.2576752417e-05
2.8195488722e+04 1.4662681589e-01 1.7659810373e-02 5.8555174083e-03 1.2255229516e-03 4.5794998630e-04 2.5022621061e-04 3.2408186401e-05
2.8270676692e+04 1.4578431082e-01 1.7516980415e-02 5.8077975917e-03 1.2168303541e-03 4.5530111652e-04 2.4862866778e-04 3.2240739331e-05
2.8345864662e+04 1.4494727653e-01 1.7375621306e-02 5.7606545948e-03 1.2082458550e-03 4.5266393362e-04 2.4703954773e-04 3.2074792642e-05
2.8421052632e+04 1.4411569392e-01 1.7235704517e-02 5.7140530956e-03 1.1997585157e-03 4.5004977786e-04 2.4546397366e-04 3.1910101816e-05
2.8496240602e+04 1.4328961528e-01 1.7097239756e-02 5.6679583238e-03 1.1913036695e-03 4.4747245661e-04 2.4391368280e-04 3.1747331455e-05
2.8571428571e+04 1.4246888007e-01 1.6960137106e-02 5.6223952657e-03 1.1830069819e-03 4.4488929227e-04 2.4237154236e-04 3.1585819454e-05
2.8646616541e+04 1.4165351928e-01 1.6824455237e-02 5.5773408194e-03 1.1747671961e-03 4.4235528964e-04 2.4084549194e-04 3.1425081889e-05
2.8721804511e+04 1.4084356885e-01 1.6690171130e-02 5.5327921886e-03 1.1666224285e-03 4.3983489886e-04 2.3934013920e-04 3.1265533443e-05
2.8796992481e+04 1.4003892306e-01 1.6557241336e-02 5.4887574642e-03 1.1585517681e-03 4.3733241671e-04 2.3784824179e-04 3.1107714100e-05
2.8872180451e+04 1.3923948646e-01 1.6425686362e-02 5.4451958659e-03 1.1505556339e-03 4.3484303274e-04 2.3636701110e-04 3.0951326545e-05
2.8947368421e+04 1.3844531350e-01 1.6295472946e-02 5.4021502082e-03 1.1426365503e-03 4.3238256559e-04 2.3490686960e-04 3.0795191332e-05
2.9022556391e+04 1.3765637537e-01 1.6166600861e-02 5.3595589653e-03 1.1348187380e-03 4.2994127970e-04 2.3345925215e-04 3.0641016062e-05
2.9097744361e+04 1.3687252636e-01 1.6038999843e-02 5.3174659479e-03 1.1270608243e-03 4.2751570294e-04 2.3202462712e-04 3.0487983855e-05
2.9172932331e+04 1.3609390547e-01 1.5912714879e-02 5.2758430779e-03 1.1193797085e-03 4.2509674261e-04 2.3061147674e-04 3.0336264287e-05
2.9248120301e+04 1.3532032784e-01 1.5787716774e-02 5.2346719068e-03 1.1117851277e-03 4.2270366162e-04 2.2920798037e-04 3.0186382339e-05
2.9323308271e+04 1.3455189334e-01 1.5664015916e-02 5.1939702156e-03 1.1042661948e-03 4.2035653900e-04 2.2781694907e-04 3.0037079680e-05
2.9398496241e+04 1.3378849831e-01 1.5541570694e-02 5.1537209599e-03 1.0968066681e-03 4.1798623824e-04 2.2644822564e-04 2.9889009236e-05
2.9473684211e+04 1.3303013401e-01 1.5420305211e-02 5.1139237661e-03 1.0894435366e-03 4.1566948852e-04 2.2508701505e-04 2.9742349884e-05
2.9548872180e+04 1.3227672145e-01 1.5300323966e-02 5.0745395330e-03 1.0821208152e-03 4.1333967139e-04 2.2374128711e-04 2.9596832773e-05
2.9624060150e+04 1.3152833469e-01 1.5181553457e-02 5.0356103691e-03 1.0748889770e-03 4.1107042695e-04 2.2241763650e-04 2.9452848500e-05
2.9699248120e+04 1.3078472579e-01 1.5063990353e-02 4.9971032242e-03 1.0677361646e-03 4.0876831622e-04 2.2110027387e-04 2.9309407184e-05
2.9774436090e+04 1.3004607403e-01 1.4947608423e-02 4.9590229674e-03 1.0606385463e-03 4.0651570490e-04 2.1979989916e-04 2.9167680307e-05
2.9849624060e+04 1.2931231492e-01 1.4832386893e-02 4.9213396769e-03 1.0536156978e-03 4.0426823771e-04 2.1851086424e-04 2.9026466525e-05
2.9924812030e+04 1.2858331814e-01 1.4718383100e-02 4.8840926726e-03 1.0466631319e-03 4.0205535835e-04 2.1723777921e-04 2.8886579656e-05
3.0000000000e+04 1.2785920640e-01 1.4605496383e-02 4.8472216803e-03 1.0397816860e-03 3.9984836649e-04 2.1598091292e-04 2.8748409791e-05
